<?xml version="1.0" encoding="UTF-8"?>
<!DOCTYPE svg PUBLIC "-//W3C//DTD SVG 1.1//EN" "http://www.w3.org/Graphics/SVG/1.1/DTD/svg11.dtd">
<svg xmlns="http://www.w3.org/2000/svg" version="1.1" width="1042px" height="193px" style="shape-rendering:geometricPrecision; text-rendering:geometricPrecision; image-rendering:optimizeQuality; fill-rule:evenodd; clip-rule:evenodd" xmlns:xlink="http://www.w3.org/1999/xlink">
<g><path style="opacity:0.122" fill="#fdd9fb" d="M 144.5,31.5 C 146.966,30.3659 149.633,30.1993 152.5,31C 154.426,31.4224 155.426,32.5891 155.5,34.5C 154.833,34.1667 154.167,33.8333 153.5,33.5C 153.158,32.6618 152.492,32.3284 151.5,32.5C 149.393,31.5318 147.059,31.1984 144.5,31.5 Z"/></g>
<g><path style="opacity:0.737" fill="#bd76cc" d="M 153.5,33.5 C 154.167,33.8333 154.833,34.1667 155.5,34.5C 156.338,34.8417 156.672,35.5084 156.5,36.5C 156.784,38.4147 156.451,40.0813 155.5,41.5C 155.946,38.9899 155.28,36.9899 153.5,35.5C 153.5,34.8333 153.5,34.1667 153.5,33.5 Z"/></g>
<g><path style="opacity:1" fill="#e02ba7" d="M 145.5,33.5 C 148.487,33.4223 149.153,34.589 147.5,37C 147.759,38.2613 148.426,39.2613 149.5,40C 146.997,41.7839 146.997,43.4506 149.5,45C 147.527,45.4955 145.527,45.6621 143.5,45.5C 140.307,40.6486 140.974,36.6486 145.5,33.5 Z"/></g>
<g><path style="opacity:1" fill="#cb34bf" d="M 145.5,33.5 C 147.265,32.5386 149.265,32.2053 151.5,32.5C 152.492,32.3284 153.158,32.6618 153.5,33.5C 153.5,34.1667 153.5,34.8333 153.5,35.5C 155.28,36.9899 155.946,38.9899 155.5,41.5C 155.141,43.371 154.141,44.871 152.5,46C 149.518,46.498 146.518,46.6646 143.5,46.5C 143.5,46.1667 143.5,45.8333 143.5,45.5C 145.527,45.6621 147.527,45.4955 149.5,45C 146.997,43.4506 146.997,41.7839 149.5,40C 148.426,39.2613 147.759,38.2613 147.5,37C 149.153,34.589 148.487,33.4223 145.5,33.5 Z"/></g>
<g><path style="opacity:1" fill="#cc2adb" d="M 153.5,35.5 C 155.247,38.9256 154.747,41.9256 152,44.5C 150.608,41.7216 150.108,38.7216 150.5,35.5C 151.5,35.5 152.5,35.5 153.5,35.5 Z"/></g>
<g><path style="opacity:0.463" fill="#e89fcc" d="M 144.5,31.5 C 147.059,31.1984 149.393,31.5318 151.5,32.5C 149.265,32.2053 147.265,32.5386 145.5,33.5C 140.974,36.6486 140.307,40.6486 143.5,45.5C 143.5,45.8333 143.5,46.1667 143.5,46.5C 138.79,42.5206 138.29,37.8539 142,32.5C 142.671,31.7476 143.504,31.4142 144.5,31.5 Z"/></g>
<g><path style="opacity:0.114" fill="#f3c2f1" d="M 156.5,36.5 C 158.424,43.2824 155.757,47.2824 148.5,48.5C 146.443,48.5643 144.777,47.8976 143.5,46.5C 146.518,46.6646 149.518,46.498 152.5,46C 154.141,44.871 155.141,43.371 155.5,41.5C 156.451,40.0813 156.784,38.4147 156.5,36.5 Z"/></g>
<g><path style="opacity:0.026" fill="#fcf3fd" d="M 535.5,48.5 C 529.31,48.1771 523.31,48.5104 517.5,49.5C 517.167,49.5 516.833,49.5 516.5,49.5C 519.258,48.1818 522.424,47.5152 526,47.5C 529.352,47.5018 532.518,47.8351 535.5,48.5 Z"/></g>
<g><path style="opacity:0.843" fill="#59476f" d="M 517.5,49.5 C 523.31,48.5104 529.31,48.1771 535.5,48.5C 535.5,49.1667 535.5,49.8333 535.5,50.5C 535.167,50.5 534.833,50.5 534.5,50.5C 528.925,49.5476 523.259,49.2143 517.5,49.5 Z"/></g>
<g><path style="opacity:0.071" fill="#ffe2fa" d="M 672.5,51.5 C 677.985,50.3483 683.651,50.1816 689.5,51C 690.756,51.4169 691.423,52.2502 691.5,53.5C 685.382,51.6347 679.048,50.968 672.5,51.5 Z"/></g>
<g><path style="opacity:0.55" fill="#9890a5" d="M 180.5,51.5 C 186.026,51.1786 191.36,51.5119 196.5,52.5C 190.208,51.9469 184.208,52.6136 178.5,54.5C 178.5,53.8333 178.5,53.1667 178.5,52.5C 178.842,51.6618 179.508,51.3284 180.5,51.5 Z"/></g>
<g><path style="opacity:1" fill="#2a164c" d="M 308.5,75.5 C 308.5,76.1667 308.833,76.5 309.5,76.5C 312.625,77.4794 315.958,77.8128 319.5,77.5C 320.927,80.7155 322.594,83.8822 324.5,87C 323.5,87.3333 322.5,87.6667 321.5,88C 325.567,88.9711 329.567,90.3045 333.5,92C 335.606,93.6371 336.272,95.4705 335.5,97.5C 334.778,96.4489 333.778,95.7822 332.5,95.5C 331.547,93.39 329.881,92.2233 327.5,92C 322.177,91.5006 316.844,91.334 311.5,91.5C 310.5,91.5 309.5,91.5 308.5,91.5C 308.17,108.009 308.504,124.342 309.5,140.5C 309.5,140.833 309.5,141.167 309.5,141.5C 312.598,142.821 316.098,143.488 320,143.5C 324.715,143.736 329.215,143.069 333.5,141.5C 332.64,143.614 330.973,144.78 328.5,145C 330.631,146.647 332.631,146.314 334.5,144C 336.833,143.333 339.167,143.333 341.5,144C 340.022,146.039 338.022,146.872 335.5,146.5C 335.157,148.483 335.824,149.817 337.5,150.5C 331.69,151.538 330.69,151.538 334.5,150.5C 334.5,149.5 334.5,148.5 334.5,147.5C 324.662,146.037 314.662,145.037 304.5,144.5C 305.818,142.088 305.651,139.754 304,137.5C 303.667,139.833 303.333,142.167 303,144.5C 300.952,142.164 299.118,142.164 297.5,144.5C 298.731,148.1 297.564,149.1 294,147.5C 293.333,116.5 293.333,85.5 294,54.5C 294.519,53.4844 295.353,52.8178 296.5,52.5C 300.027,52.7553 303.527,53.0886 307,53.5C 307.171,61.0115 307.671,68.3448 308.5,75.5 Z"/></g>
<g><path style="opacity:0.02" fill="#e6dcef" d="M 535.5,48.5 C 536.222,48.9175 536.722,49.5842 537,50.5C 537.667,55.1667 537.667,59.8333 537,64.5C 536.722,65.4158 536.222,66.0825 535.5,66.5C 535.5,61.1667 535.5,55.8333 535.5,50.5C 535.5,49.8333 535.5,49.1667 535.5,48.5 Z"/></g>
<g><path style="opacity:0.02" fill="#eeeaf3" d="M 102.5,52.5 C 102.5,52.1667 102.5,51.8333 102.5,51.5C 103.496,51.4142 104.329,51.7476 105,52.5C 105.497,54.8098 105.663,57.1432 105.5,59.5C 105.02,56.9217 104.02,54.5884 102.5,52.5 Z"/></g>
<g><path style="opacity:0.065" fill="#fde1fe" d="M 136.5,52.5 C 137.147,53.2739 137.48,54.2739 137.5,55.5C 137.66,57.3545 136.993,58.6879 135.5,59.5C 136.219,57.2362 136.552,54.9029 136.5,52.5 Z"/></g>
<g><path style="opacity:0.278" fill="#fccaf1" d="M 136.5,52.5 C 134.802,51.313 132.968,50.313 131,49.5C 129.301,49.3866 128.134,50.0532 127.5,51.5C 125.559,53.0106 125.059,55.0106 126,57.5C 126.422,59.4257 127.589,60.4257 129.5,60.5C 131.167,60.5 132.833,60.5 134.5,60.5C 128.576,63.1382 124.909,61.3049 123.5,55C 125.028,49.1473 128.694,47.1473 134.5,49C 135.823,49.8159 136.489,50.9826 136.5,52.5 Z"/></g>
<g><path style="opacity:1" fill="#db2fa9" d="M 127.5,51.5 C 128.833,51.5 130.167,51.5 131.5,51.5C 131.5,53.8333 131.5,56.1667 131.5,58.5C 130.833,59.1667 130.167,59.8333 129.5,60.5C 127.589,60.4257 126.422,59.4257 126,57.5C 125.059,55.0106 125.559,53.0106 127.5,51.5 Z"/></g>
<g><path style="opacity:1" fill="#b450b7" d="M 136.5,52.5 C 136.552,54.9029 136.219,57.2362 135.5,59.5C 135.5,60.1667 135.167,60.5 134.5,60.5C 132.833,60.5 131.167,60.5 129.5,60.5C 130.167,59.8333 130.833,59.1667 131.5,58.5C 132.5,58.5 133.5,58.5 134.5,58.5C 135.021,55.3637 134.021,53.0304 131.5,51.5C 130.167,51.5 128.833,51.5 127.5,51.5C 128.134,50.0532 129.301,49.3866 131,49.5C 132.968,50.313 134.802,51.313 136.5,52.5 Z"/></g>
<g><path style="opacity:1" fill="#cd2bd2" d="M 131.5,51.5 C 134.021,53.0304 135.021,55.3637 134.5,58.5C 133.5,58.5 132.5,58.5 131.5,58.5C 131.5,56.1667 131.5,53.8333 131.5,51.5 Z"/></g>
<g><path style="opacity:1" fill="#2b0c5a" d="M 517.5,49.5 C 523.259,49.2143 528.925,49.5476 534.5,50.5C 534.5,55.5 534.5,60.5 534.5,65.5C 529.821,65.6658 525.155,65.4992 520.5,65C 518.996,63.5093 518.163,61.676 518,59.5C 517.502,56.1832 517.335,52.8499 517.5,49.5 Z"/></g>
<g><path style="opacity:0.009" fill="#e8e3ec" d="M 178.5,52.5 C 178.5,53.1667 178.5,53.8333 178.5,54.5C 177.807,64.0593 176.474,73.3926 174.5,82.5C 174.79,72.2184 176.123,62.2184 178.5,52.5 Z"/></g>
<g><path style="opacity:1" fill="#fb228b" d="M 703.5,141.5 C 708.316,142.326 713.316,142.826 718.5,143C 714.104,145.038 709.438,146.205 704.5,146.5C 704.5,147.5 704.5,148.5 704.5,149.5C 708.22,149.564 711.886,150.064 715.5,151C 714.167,151.333 712.833,151.667 711.5,152C 712.252,152.671 712.586,153.504 712.5,154.5C 704.833,154.5 697.167,154.5 689.5,154.5C 687.833,154.5 686.167,154.5 684.5,154.5C 684.027,153.094 683.027,152.427 681.5,152.5C 680.415,150.413 678.749,149.08 676.5,148.5C 676.573,146.973 675.906,145.973 674.5,145.5C 674.5,144.833 674.5,144.167 674.5,143.5C 674.892,140.278 674.392,137.278 673,134.5C 672.5,107.502 672.333,80.5021 672.5,53.5C 678.093,53.1934 683.593,53.5268 689,54.5C 689.333,81.5 689.667,108.5 690,135.5C 690.983,137.448 692.15,139.282 693.5,141C 696.817,141.498 700.15,141.665 703.5,141.5 Z"/></g>
<g><path style="opacity:0.127" fill="#ffdaf9" d="M 672.5,51.5 C 671.342,80.0948 671.176,108.761 672,137.5C 672.566,139.723 673.4,141.723 674.5,143.5C 674.5,144.167 674.5,144.833 674.5,145.5C 672.689,143.615 671.522,141.281 671,138.5C 670.833,124 670.667,109.5 670.5,95C 670.501,80.1509 671.167,65.6509 672.5,51.5 Z"/></g>
<g><path style="opacity:1" fill="#2a1c42" d="M 104.5,102.5 C 103.928,101.027 103.095,99.6934 102,98.5C 101.821,101.553 101.321,104.553 100.5,107.5C 98.9291,108.309 97.2624,108.643 95.5,108.5C 93.2592,99.6315 91.2592,90.6315 89.5,81.5C 89.7093,80.914 90.0426,80.414 90.5,80C 90.12,77.6742 89.12,75.8409 87.5,74.5C 87.5,73.1667 87.5,71.8333 87.5,70.5C 87.7662,66.4295 87.4328,62.4295 86.5,58.5C 87.6608,54.1647 90.4942,52.498 95,53.5C 97.9165,53.3349 100.583,54.0015 103,55.5C 102.932,62.0929 103.432,68.7595 104.5,75.5C 104.167,78.1667 103.833,80.8333 103.5,83.5C 104.851,87.5285 105.517,91.6952 105.5,96C 105.496,98.3608 105.163,100.527 104.5,102.5 Z"/></g>
<g><path style="opacity:0.886" fill="#dd569a" d="M 672.5,51.5 C 679.048,50.968 685.382,51.6347 691.5,53.5C 691.5,54.1667 691.5,54.8333 691.5,55.5C 691.333,82.1687 691.5,108.835 692,135.5C 692.383,136.056 692.883,136.389 693.5,136.5C 694.122,138.335 695.456,139.502 697.5,140C 708.576,140.189 719.576,140.689 730.5,141.5C 731.794,145.733 731.794,150.066 730.5,154.5C 717.906,156.392 705.239,156.892 692.5,156C 691.263,155.768 690.263,155.268 689.5,154.5C 697.167,154.5 704.833,154.5 712.5,154.5C 716.98,154.732 721.313,154.065 725.5,152.5C 727.129,149.411 728.129,145.744 728.5,141.5C 720.167,141.5 711.833,141.5 703.5,141.5C 700.15,141.665 696.817,141.498 693.5,141C 692.15,139.282 690.983,137.448 690,135.5C 689.667,108.5 689.333,81.5 689,54.5C 683.593,53.5268 678.093,53.1934 672.5,53.5C 672.333,80.5021 672.5,107.502 673,134.5C 674.392,137.278 674.892,140.278 674.5,143.5C 673.4,141.723 672.566,139.723 672,137.5C 671.176,108.761 671.342,80.0948 672.5,51.5 Z"/></g>
<g><path style="opacity:1" fill="#d62ac0" d="M 825.5,52.5 C 825.5,55.5 825.5,58.5 825.5,61.5C 829.555,61.1758 833.555,61.5091 837.5,62.5C 836.311,63.4287 834.978,63.762 833.5,63.5C 833.136,74.0874 832.136,74.0874 830.5,63.5C 829.5,90.1583 829.167,116.825 829.5,143.5C 828.325,143.281 827.325,143.614 826.5,144.5C 830.235,145.153 833.901,145.986 837.5,147C 833.695,146.974 831.695,148.808 831.5,152.5C 834.206,152.575 836.873,152.908 839.5,153.5C 848.082,154.47 856.749,154.803 865.5,154.5C 858.352,155.492 851.019,155.825 843.5,155.5C 840.833,155.5 838.167,155.5 835.5,155.5C 835.167,155.5 834.833,155.5 834.5,155.5C 832.485,154.076 830.152,153.41 827.5,153.5C 827.5,152.833 827.167,152.5 826.5,152.5C 826.217,151.711 825.717,151.044 825,150.5C 824.169,117.664 824.336,84.9974 825.5,52.5 Z"/></g>
<g><path style="opacity:1" fill="#d629c8" d="M 838.5,53.5 C 838.433,64.1769 838.099,74.8436 837.5,85.5C 836.167,85.5 834.833,85.5 833.5,85.5C 833.5,102.833 833.5,120.167 833.5,137.5C 835.621,137.675 837.621,137.341 839.5,136.5C 839.229,138.38 839.896,139.713 841.5,140.5C 841.5,140.833 841.5,141.167 841.5,141.5C 845.715,143.436 850.381,144.103 855.5,143.5C 853.622,144.208 851.955,145.374 850.5,147C 851.938,147.219 853.271,147.719 854.5,148.5C 849.609,150.782 844.609,152.449 839.5,153.5C 836.873,152.908 834.206,152.575 831.5,152.5C 831.695,148.808 833.695,146.974 837.5,147C 833.901,145.986 830.235,145.153 826.5,144.5C 827.325,143.614 828.325,143.281 829.5,143.5C 829.167,116.825 829.5,90.1583 830.5,63.5C 832.136,74.0874 833.136,74.0874 833.5,63.5C 834.978,63.762 836.311,63.4287 837.5,62.5C 833.555,61.5091 829.555,61.1758 825.5,61.5C 825.5,58.5 825.5,55.5 825.5,52.5C 829.311,51.3547 833.311,51.1881 837.5,52C 838.056,52.3826 838.389,52.8826 838.5,53.5 Z"/></g>
<g><path style="opacity:0.023" fill="#ffe6fe" d="M 691.5,55.5 C 692.183,82.3724 692.85,109.372 693.5,136.5C 692.883,136.389 692.383,136.056 692,135.5C 691.5,108.835 691.333,82.1687 691.5,55.5 Z"/></g>
<g><path style="opacity:0.053" fill="#fedbfe" d="M 841.5,50.5 C 835.302,49.2253 829.136,49.2253 823,50.5C 822.5,84.165 822.333,117.832 822.5,151.5C 821.336,117.669 821.169,83.6691 822,49.5C 828.084,48.358 834.251,48.1913 840.5,49C 841.056,49.3826 841.389,49.8826 841.5,50.5 Z"/></g>
<g><path style="opacity:0.204" fill="#ebe6f0" d="M 105.5,59.5 C 107.554,70.2731 108.888,81.2731 109.5,92.5C 107.445,81.7243 106.112,70.7243 105.5,59.5 Z"/></g>
<g><path style="opacity:0.895" fill="#2f1c48" d="M 516.5,49.5 C 516.833,49.5 517.167,49.5 517.5,49.5C 517.335,52.8499 517.502,56.1832 518,59.5C 518.163,61.676 518.996,63.5093 520.5,65C 525.155,65.4992 529.821,65.6658 534.5,65.5C 534.5,60.5 534.5,55.5 534.5,50.5C 534.833,50.5 535.167,50.5 535.5,50.5C 535.5,55.8333 535.5,61.1667 535.5,66.5C 529.824,66.6661 524.157,66.4994 518.5,66C 518,65.5 517.5,65 517,64.5C 516.501,59.5111 516.334,54.5111 516.5,49.5 Z"/></g>
<g><path style="opacity:0.071" fill="#dad5df" d="M 102.5,51.5 C 102.5,51.8333 102.5,52.1667 102.5,52.5C 96.8333,52.5 91.1667,52.5 85.5,52.5C 85.2764,58.7386 85.9431,64.7386 87.5,70.5C 87.5,71.8333 87.5,73.1667 87.5,74.5C 91.1335,99.5065 94.9669,124.506 99,149.5C 99.786,152.583 101.619,154.749 104.5,156C 109.823,156.499 115.156,156.666 120.5,156.5C 120.595,154.214 121.262,152.214 122.5,150.5C 122.326,152.861 121.993,155.194 121.5,157.5C 114.592,159.002 107.925,158.502 101.5,156C 98.1261,152.557 96.2928,148.39 96,143.5C 91.8334,114.167 87.6667,84.834 83.5,55.5C 83.6493,53.6803 84.3159,52.1803 85.5,51C 91.3487,50.1816 97.0154,50.3483 102.5,51.5 Z"/></g>
<g><path style="opacity:0.058" fill="#f4e9fa" d="M 516.5,49.5 C 516.334,54.5111 516.501,59.5111 517,64.5C 517.5,65 518,65.5 518.5,66C 524.157,66.4994 529.824,66.6661 535.5,66.5C 529.347,67.6533 523.014,67.82 516.5,67C 515.175,61.0677 515.175,55.2343 516.5,49.5 Z"/></g>
<g><path style="opacity:0.71" fill="#ecbee8" d="M 143.5,62.5 C 143.414,61.5041 143.748,60.6708 144.5,60C 150.502,59.0069 152.668,61.5069 151,67.5C 149.192,69.3959 147.025,69.8959 144.5,69C 142.392,66.9836 142.058,64.8169 143.5,62.5 Z"/></g>
<g><path style="opacity:1" fill="#c342a8" d="M 143.5,62.5 C 148.26,60.2372 150.427,61.5705 150,66.5C 145.552,68.6609 143.385,67.3276 143.5,62.5 Z"/></g>
<g><path style="opacity:0.068" fill="#f2eff8" d="M 127.5,71.5 C 127.5,71.8333 127.5,72.1667 127.5,72.5C 127.666,82.5056 127.5,92.5056 127,102.5C 126.768,103.737 126.268,104.737 125.5,105.5C 126.751,94.9505 126.751,84.4505 125.5,74C 126.066,73.0053 126.733,72.172 127.5,71.5 Z"/></g>
<g><path style="opacity:0.01" fill="#cfc8d7" d="M 308.5,49.5 C 309.117,49.6107 309.617,49.944 310,50.5C 310.5,58.8267 310.666,67.16 310.5,75.5C 322.05,73.2199 333.05,74.7199 343.5,80C 345.424,81.7498 347.091,83.5831 348.5,85.5C 336.936,76.9989 323.936,73.9989 309.5,76.5C 308.833,76.5 308.5,76.1667 308.5,75.5C 308.5,67.5 308.5,59.5 308.5,51.5C 308.5,50.8333 308.5,50.1667 308.5,49.5 Z"/></g>
<g><path style="opacity:0.412" fill="#fac0ed" d="M 802.5,79.5 C 801.5,79.5 800.5,79.5 799.5,79.5C 794.256,78.1851 788.923,77.5185 783.5,77.5C 776.687,76.5088 769.687,76.1755 762.5,76.5C 765.74,75.1529 769.24,74.4863 773,74.5C 783.176,74.9456 793.009,76.6122 802.5,79.5 Z"/></g>
<g><path style="opacity:0.306" fill="#fbcef9" d="M 841.5,51.5 C 842.492,59.3159 842.826,67.3159 842.5,75.5C 846.363,75.5381 850.196,75.2048 854,74.5C 858.788,74.8166 863.288,75.8166 867.5,77.5C 858.867,76.6228 850.2,76.2895 841.5,76.5C 841.5,68.1667 841.5,59.8333 841.5,51.5 Z"/></g>
<g><path style="opacity:0.294" fill="#edb9f8" d="M 953.5,79.5 C 948.939,78.1885 944.272,77.5219 939.5,77.5C 930.981,76.2744 922.315,76.2744 913.5,77.5C 917.93,75.9767 922.597,74.9767 927.5,74.5C 934.49,75.2384 941.49,76.0717 948.5,77C 950.653,77.0995 952.319,77.9328 953.5,79.5 Z"/></g>
<g><path style="opacity:0.182" fill="#cfc9d7" d="M 134.5,113.5 C 135.427,99.8629 135.76,86.1962 135.5,72.5C 132.833,72.5 130.167,72.5 127.5,72.5C 127.5,72.1667 127.5,71.8333 127.5,71.5C 130.287,70.5233 133.287,70.19 136.5,70.5C 136.667,83.8375 136.5,97.1708 136,110.5C 135.768,111.737 135.268,112.737 134.5,113.5 Z"/></g>
<g><path style="opacity:0.428" fill="#b1abb9" d="M 155.5,71.5 C 155.5,81.5 155.5,91.5 155.5,101.5C 154.506,92.3483 154.173,83.015 154.5,73.5C 152.393,72.5318 150.059,72.1984 147.5,72.5C 147.204,85.5494 147.537,98.5494 148.5,111.5C 148.167,111.5 147.833,111.5 147.5,111.5C 146.732,110.737 146.232,109.737 146,108.5C 145.61,96.1857 145.443,84.3524 145.5,73C 146.354,71.9783 147.354,71.1449 148.5,70.5C 150.864,70.436 153.197,70.7693 155.5,71.5 Z"/></g>
<g><path style="opacity:1" fill="#2b1c44" d="M 193.5,84.5 C 192.407,91.4861 191.407,98.4861 190.5,105.5C 189.21,106.058 188.377,107.058 188,108.5C 186.541,120.871 185.041,133.205 183.5,145.5C 182.5,145.5 181.5,145.5 180.5,145.5C 180.778,147.346 180.111,148.68 178.5,149.5C 177.289,148.726 177.289,147.893 178.5,147C 172.221,146.305 170.055,142.805 172,136.5C 173.885,135.687 174.551,134.353 174,132.5C 173.667,132.833 173.333,133.167 173,133.5C 172.667,132.167 172.333,130.833 172,129.5C 171.667,131.5 171.333,133.5 171,135.5C 170.833,134.167 170.667,132.833 170.5,131.5C 171.987,121.807 173.987,112.307 176.5,103C 174.777,94.7671 175.777,86.9338 179.5,79.5C 178.769,72.0112 179.102,64.5112 180.5,57C 181.562,54.0661 183.729,52.8994 187,53.5C 190.2,53.1465 192.867,54.1465 195,56.5C 195.045,63.5702 194.212,70.5702 192.5,77.5C 192.997,79.8183 193.33,82.1516 193.5,84.5 Z"/></g>
<g><path style="opacity:0.055" fill="#d8d2df" d="M 270.5,90.5 C 268.299,87.9786 265.966,85.4786 263.5,83C 260.264,81.2138 256.93,79.7138 253.5,78.5C 249.44,76.983 245.107,76.3164 240.5,76.5C 237.5,76.6667 234.5,76.8333 231.5,77C 228.904,78.1356 226.237,78.969 223.5,79.5C 237.508,72.4763 251.175,73.3097 264.5,82C 267.381,84.2787 269.381,87.112 270.5,90.5 Z"/></g>
<g><path style="opacity:0.023" fill="#f8effb" d="M 535.5,77.5 C 536.663,103.33 536.83,129.33 536,155.5C 535.5,156 535,156.5 534.5,157C 529.167,157.667 523.833,157.667 518.5,157C 517.244,156.583 516.577,155.75 516.5,154.5C 516.833,154.5 517.167,154.5 517.5,154.5C 523.234,155.825 529.068,155.825 535,154.5C 535.5,128.835 535.667,103.169 535.5,77.5 Z"/></g>
<g><path style="opacity:0.01" fill="#f2edf5" d="M 155.5,71.5 C 156.33,81.6585 156.83,91.9919 157,102.5C 158.352,105.72 159.186,109.053 159.5,112.5C 157.416,109.199 156.082,105.532 155.5,101.5C 155.5,91.5 155.5,81.5 155.5,71.5 Z"/></g>
<g><path style="opacity:1" fill="#2c0961" d="M 610.5,86.5 C 613.305,97.7189 611.971,98.2189 606.5,88C 604.866,87.5065 603.199,87.3398 601.5,87.5C 601.343,88.8734 601.51,90.2068 602,91.5C 604.123,91.966 605.623,93.1327 606.5,95C 606.333,95.5 606.167,96 606,96.5C 605.333,95.1667 604.667,95.1667 604,96.5C 603.667,98.1667 603.333,99.8333 603,101.5C 602.583,100.244 601.75,99.5774 600.5,99.5C 601.226,95.693 599.893,93.0263 596.5,91.5C 595.737,90.7321 594.737,90.2321 593.5,90C 590.167,89.8333 586.833,89.6667 583.5,89.5C 578.917,89.4338 574.583,89.9338 570.5,91C 568.292,88.7374 568.959,87.0708 572.5,86C 571.359,85.2588 571.359,84.4255 572.5,83.5C 571.975,82.8076 571.308,82.3076 570.5,82C 572.093,81.0513 573.426,79.8846 574.5,78.5C 581.321,77.3454 588.321,77.1787 595.5,78C 597.608,78.3599 599.608,79.0266 601.5,80C 604.887,81.7394 607.887,83.906 610.5,86.5 Z"/></g>
<g><path style="opacity:0.137" fill="#edc3f2" d="M 912.5,77.5 C 911.713,79.1042 910.38,79.7709 908.5,79.5C 909.514,78.3263 910.847,77.6596 912.5,77.5 Z"/></g>
<g><path style="opacity:0.013" fill="#f7f1f9" d="M 308.5,49.5 C 302.575,49.1918 296.741,49.5251 291,50.5C 290.5,84.165 290.333,117.832 290.5,151.5C 303.743,156.182 317.409,157.682 331.5,156C 337.268,154.281 342.602,151.781 347.5,148.5C 345.454,151.366 342.787,153.533 339.5,155C 326.648,158.982 313.648,159.316 300.5,156C 296.715,155.627 293.215,154.461 290,152.5C 289.333,118.167 289.333,83.8333 290,49.5C 291.441,48.7402 292.941,48.0736 294.5,47.5C 299.299,48.1175 303.966,48.7841 308.5,49.5 Z"/></g>
<g><path style="opacity:0.267" fill="#fbbaec" d="M 762.5,76.5 C 759.46,78.3459 756.127,79.6792 752.5,80.5C 755.309,78.1034 758.642,76.7701 762.5,76.5 Z"/></g>
<g><path style="opacity:0.239" fill="#ebadf2" d="M 868.5,77.5 C 871.331,78.0787 873.664,79.412 875.5,81.5C 874.167,81.1667 872.833,80.8333 871.5,80.5C 870.306,79.7281 869.306,78.7281 868.5,77.5 Z"/></g>
<g><path style="opacity:0.18" fill="#ddd3e6" d="M 494.5,87.5 C 494.167,87.5 493.833,87.5 493.5,87.5C 483.666,77.2842 471.666,73.7842 457.5,77C 447.822,79.5178 441.156,85.3512 437.5,94.5C 435.723,97.5046 434.723,100.838 434.5,104.5C 434.167,104.5 433.833,104.5 433.5,104.5C 436.276,85.2282 447.442,75.2282 467,74.5C 474.346,74.4731 481.18,76.3065 487.5,80C 490.739,81.7364 493.073,84.2364 494.5,87.5 Z"/></g>
<g><path style="opacity:1" fill="#2a1a46" d="M 238.5,78.5 C 243.341,77.4682 248.341,77.4682 253.5,78.5C 256.93,79.7138 260.264,81.2138 263.5,83C 265.966,85.4786 268.299,87.9786 270.5,90.5C 271.338,90.8417 271.672,91.5084 271.5,92.5C 271.629,94.2161 271.962,95.8828 272.5,97.5C 273.644,104.654 273.644,111.654 272.5,118.5C 272.838,109.206 271.505,100.206 268.5,91.5C 267.549,92.3256 266.549,92.4922 265.5,92C 263.669,87.8338 260.503,85.3338 256,84.5C 255.333,86.1667 255.333,87.8333 256,89.5C 258.628,91.1255 260.961,93.1255 263,95.5C 263.499,100.823 263.666,106.156 263.5,111.5C 265.527,111.338 267.527,111.505 269.5,112C 267.109,112.287 264.776,112.787 262.5,113.5C 261.808,112.975 261.308,112.308 261,111.5C 260.292,112.381 259.458,113.047 258.5,113.5C 258.574,111.589 259.574,110.422 261.5,110C 259.633,109.289 258.133,109.789 257,111.5C 256.601,111.272 256.435,110.938 256.5,110.5C 256.5,110.167 256.5,109.833 256.5,109.5C 256.982,97.6493 251.315,91.6493 239.5,91.5C 238.737,90.7321 237.737,90.2321 236.5,90C 237.167,89.6667 237.833,89.3333 238.5,89C 236.015,87.4369 234.349,85.7702 233.5,84C 236.615,81.8829 239.948,80.2163 243.5,79C 241.866,78.5065 240.199,78.3398 238.5,78.5 Z"/></g>
<g><path style="opacity:0.102" fill="#f7bff8" d="M 875.5,81.5 C 877.027,81.427 878.027,82.0937 878.5,83.5C 876.973,83.573 875.973,82.9063 875.5,81.5 Z"/></g>
<g><path style="opacity:1" fill="#ad40c7" d="M 939.5,77.5 C 932.978,77.1765 926.645,77.5098 920.5,78.5C 913.411,79.066 907.911,82.3994 904,88.5C 902.691,93.0658 902.191,97.7325 902.5,102.5C 901.778,102.082 901.278,101.416 901,100.5C 900.117,92.2709 902.617,85.2709 908.5,79.5C 910.38,79.7709 911.713,79.1042 912.5,77.5C 912.833,77.5 913.167,77.5 913.5,77.5C 922.315,76.2744 930.981,76.2744 939.5,77.5 Z"/></g>
<g><path style="opacity:0.937" fill="#c83f98" d="M 762.5,76.5 C 769.687,76.1755 776.687,76.5088 783.5,77.5C 776.646,77.176 769.979,77.5093 763.5,78.5C 759.855,79.9873 756.188,81.4873 752.5,83C 750.959,84.3712 749.625,85.8712 748.5,87.5C 745.282,91.9469 742.615,96.6135 740.5,101.5C 740.833,98.8333 741.167,96.1667 741.5,93.5C 744.762,88.8983 748.428,84.565 752.5,80.5C 756.127,79.6792 759.46,78.3459 762.5,76.5 Z"/></g>
<g><path style="opacity:1" fill="#b92fef" d="M 939.5,77.5 C 943.285,78.9785 947.285,80.1451 951.5,81C 952.451,84.0567 952.784,87.2234 952.5,90.5C 943.854,89.6443 935.187,88.9776 926.5,88.5C 925.127,88.6567 923.793,88.49 922.5,88C 924.305,87.028 925.972,85.8613 927.5,84.5C 926.758,83.7132 925.925,83.0465 925,82.5C 921.289,84.5187 917.456,86.352 913.5,88C 915.628,89.7427 916.461,91.9093 916,94.5C 913.959,93.5769 911.792,93.2436 909.5,93.5C 910.167,90.8333 910.833,88.1667 911.5,85.5C 912.833,85.5 914.167,85.5 915.5,85.5C 915.5,84.1667 915.5,82.8333 915.5,81.5C 918.187,81.6641 920.854,81.4974 923.5,81C 922.058,80.6232 921.058,79.7899 920.5,78.5C 926.645,77.5098 932.978,77.1765 939.5,77.5 Z"/></g>
<g><path style="opacity:1" fill="#2c0b5d" d="M 574.5,78.5 C 573.426,79.8846 572.093,81.0513 570.5,82C 571.308,82.3076 571.975,82.8076 572.5,83.5C 571.359,84.4255 571.359,85.2588 572.5,86C 568.959,87.0708 568.292,88.7374 570.5,91C 574.583,89.9338 578.917,89.4338 583.5,89.5C 586.833,89.6667 590.167,89.8333 593.5,90C 594.737,90.2321 595.737,90.7321 596.5,91.5C 595.5,91.5 594.5,91.5 593.5,91.5C 593.167,91.5 592.833,91.5 592.5,91.5C 587.015,90.3483 581.349,90.1816 575.5,91C 573.333,91.8333 571.833,93.3333 571,95.5C 570.756,114.85 570.256,134.183 569.5,153.5C 564.833,153.5 560.167,153.5 555.5,153.5C 555.333,133.831 555.5,114.164 556,94.5C 556.637,92.6969 557.803,91.3636 559.5,90.5C 560.325,88.1987 560.992,85.8654 561.5,83.5C 565.47,81.281 569.803,79.6143 574.5,78.5 Z"/></g>
<g><path style="opacity:0.616" fill="#aba1b8" d="M 419.5,79.5 C 419.5,79.1667 419.5,78.8333 419.5,78.5C 420.167,78.5 420.833,78.5 421.5,78.5C 422.833,83.1667 422.833,87.8333 421.5,92.5C 421.167,92.5 420.833,92.5 420.5,92.5C 420.818,87.9677 420.485,83.6344 419.5,79.5 Z"/></g>
<g><path style="opacity:1" fill="#2d1651" d="M 535.5,77.5 C 535.667,103.169 535.5,128.835 535,154.5C 529.068,155.825 523.234,155.825 517.5,154.5C 517.5,128.833 517.5,103.167 517.5,77.5C 523.5,77.5 529.5,77.5 535.5,77.5 Z"/></g>
<g><path style="opacity:1" fill="#d22cc8" d="M 838.5,53.5 C 839.167,60.8333 839.833,68.1667 840.5,75.5C 840.5,76.1667 840.833,76.5 841.5,76.5C 850.2,76.2895 858.867,76.6228 867.5,77.5C 867.833,77.5 868.167,77.5 868.5,77.5C 869.306,78.7281 870.306,79.7281 871.5,80.5C 862.262,78.6047 852.929,78.1047 843.5,79C 844.672,79.4186 845.672,80.0853 846.5,81C 850.25,81.2599 853.916,81.9266 857.5,83C 857.167,83.3333 856.833,83.6667 856.5,84C 858.275,85.4389 860.275,86.4389 862.5,87C 861.051,88.117 859.384,88.7837 857.5,89C 859.653,89.0995 861.319,89.9328 862.5,91.5C 861.167,91.5 859.833,91.5 858.5,91.5C 858.167,91.5 857.833,91.5 857.5,91.5C 857.389,90.8826 857.056,90.3826 856.5,90C 851.113,89.2155 845.78,89.3822 840.5,90.5C 839.501,105.819 839.167,121.152 839.5,136.5C 837.621,137.341 835.621,137.675 833.5,137.5C 833.5,120.167 833.5,102.833 833.5,85.5C 834.833,85.5 836.167,85.5 837.5,85.5C 838.099,74.8436 838.433,64.1769 838.5,53.5 Z"/></g>
<g><path style="opacity:0.365" fill="#edb0f3" d="M 878.5,83.5 C 880.587,84.5846 881.92,86.2512 882.5,88.5C 880.413,87.4154 879.08,85.7488 878.5,83.5 Z"/></g>
<g><path style="opacity:0.106" fill="#dbd6e4" d="M 223.5,79.5 C 218.075,83.5888 213.742,88.5888 210.5,94.5C 212.329,87.3374 216.662,82.3374 223.5,79.5 Z"/></g>
<g><path style="opacity:0.017" fill="#d5cadc" d="M 535.5,77.5 C 529.5,77.5 523.5,77.5 517.5,77.5C 517.5,103.167 517.5,128.833 517.5,154.5C 517.167,154.5 516.833,154.5 516.5,154.5C 515.337,129.003 515.17,103.337 516,77.5C 516.5,77 517,76.5 517.5,76C 523.167,75.3333 528.833,75.3333 534.5,76C 535.056,76.3826 535.389,76.8826 535.5,77.5 Z"/></g>
<g><path style="opacity:1" fill="#2c1252" d="M 419.5,78.5 C 419.5,78.8333 419.5,79.1667 419.5,79.5C 419.5,83.1667 419.5,86.8333 419.5,90.5C 413.002,90.2004 406.502,89.8671 400,89.5C 396.05,89.4067 392.216,89.9067 388.5,91C 387.289,92.1131 387.289,93.2798 388.5,94.5C 387.234,95.7236 386.067,97.0569 385,98.5C 384.5,106.827 384.334,115.16 384.5,123.5C 383.439,113.608 382.106,103.608 380.5,93.5C 381.878,89.7348 384.544,87.2348 388.5,86C 385.518,85.502 382.518,85.3354 379.5,85.5C 381.832,83.6675 384.498,82.3341 387.5,81.5C 388.771,79.1713 390.771,78.0047 393.5,78C 402.174,77.5836 410.841,77.7503 419.5,78.5 Z"/></g>
<g><path style="opacity:1" fill="#2b1849" d="M 419.5,79.5 C 420.485,83.6344 420.818,87.9677 420.5,92.5C 412.173,91.778 403.84,91.6113 395.5,92C 391.183,94.3151 388.35,97.8151 387,102.5C 386.333,110.833 386.333,119.167 387,127.5C 387.221,131.596 388.721,134.93 391.5,137.5C 391.833,138.167 392.167,138.833 392.5,139.5C 388.863,139.438 386.363,137.772 385,134.5C 384.501,130.848 384.335,127.182 384.5,123.5C 384.334,115.16 384.5,106.827 385,98.5C 386.067,97.0569 387.234,95.7236 388.5,94.5C 387.289,93.2798 387.289,92.1131 388.5,91C 392.216,89.9067 396.05,89.4067 400,89.5C 406.502,89.8671 413.002,90.2004 419.5,90.5C 419.5,86.8333 419.5,83.1667 419.5,79.5 Z"/></g>
<g><path style="opacity:1" fill="#2d1a4b" d="M 493.5,87.5 C 493.44,88.0431 493.107,88.3764 492.5,88.5C 491.119,87.1186 489.785,85.7853 488.5,84.5C 483.099,80.8041 477.099,78.8041 470.5,78.5C 467.024,77.3567 463.358,77.1901 459.5,78C 455.952,79.9407 452.286,81.6074 448.5,83C 445.236,86.4474 442.236,89.9474 439.5,93.5C 438.833,93.8333 438.167,94.1667 437.5,94.5C 441.156,85.3512 447.822,79.5178 457.5,77C 471.666,73.7842 483.666,77.2842 493.5,87.5 Z"/></g>
<g><path style="opacity:0.082" fill="#e5d9f2" d="M 494.5,87.5 C 495.906,87.9731 496.573,88.9731 496.5,90.5C 495.094,90.0269 494.427,89.0269 494.5,87.5 Z"/></g>
<g><path style="opacity:1" fill="#a83bd2" d="M 939.5,77.5 C 944.272,77.5219 948.939,78.1885 953.5,79.5C 953.5,83.5 953.5,87.5 953.5,91.5C 943.012,90.3143 932.678,90.3143 922.5,91.5C 921.5,91.8333 920.833,92.5 920.5,93.5C 919.833,93.8333 919.167,94.1667 918.5,94.5C 918.33,93.1779 918.663,92.0113 919.5,91C 921.927,90.0977 924.26,89.2644 926.5,88.5C 935.187,88.9776 943.854,89.6443 952.5,90.5C 952.784,87.2234 952.451,84.0567 951.5,81C 947.285,80.1451 943.285,78.9785 939.5,77.5 Z"/></g>
<g><path style="opacity:0.149" fill="#d4cdde" d="M 348.5,85.5 C 352.4,89.3005 354.734,93.9672 355.5,99.5C 353.186,94.8721 350.853,90.2054 348.5,85.5 Z"/></g>
<g><path style="opacity:0.188" fill="#ddd4e6" d="M 421.5,78.5 C 420.833,78.5 420.167,78.5 419.5,78.5C 418.391,77.71 417.058,77.21 415.5,77C 407.5,76.3333 399.5,76.3333 391.5,77C 378.87,80.408 371.37,88.5746 369,101.5C 368.254,113.193 368.42,124.86 369.5,136.5C 368.732,135.737 368.232,134.737 368,133.5C 367.333,122.5 367.333,111.5 368,100.5C 370.755,85.0785 379.921,76.5785 395.5,75C 402.528,74.5019 409.528,74.8352 416.5,76C 418.653,76.0995 420.319,76.9328 421.5,78.5 Z"/></g>
<g><path style="opacity:0.09" fill="#fabfed" d="M 752.5,80.5 C 748.428,84.565 744.762,88.8983 741.5,93.5C 743.378,87.624 747.045,83.2907 752.5,80.5 Z"/></g>
<g><path style="opacity:0.376" fill="#e8b0f0" d="M 908.5,79.5 C 902.617,85.2709 900.117,92.2709 901,100.5C 901.278,101.416 901.778,102.082 902.5,102.5C 902.517,104.565 902.85,106.565 903.5,108.5C 901.306,106.779 900.139,104.445 900,101.5C 898.791,95.1141 899.791,89.1141 903,83.5C 904.451,81.5359 906.284,80.2026 908.5,79.5 Z"/></g>
<g><path style="opacity:0.025" fill="#fddafe" d="M 922.5,91.5 C 929.687,91.1755 936.687,91.5088 943.5,92.5C 935.778,92.2329 928.111,92.5663 920.5,93.5C 920.833,92.5 921.5,91.8333 922.5,91.5 Z"/></g>
<g><path style="opacity:0.718" fill="#c684dc" d="M 953.5,79.5 C 954.222,79.9175 954.722,80.5842 955,81.5C 957.793,92.2078 953.96,95.8745 943.5,92.5C 936.687,91.5088 929.687,91.1755 922.5,91.5C 932.678,90.3143 943.012,90.3143 953.5,91.5C 953.5,87.5 953.5,83.5 953.5,79.5 Z"/></g>
<g><path style="opacity:1" fill="#2a1a47" d="M 238.5,78.5 C 240.199,78.3398 241.866,78.5065 243.5,79C 239.948,80.2163 236.615,81.8829 233.5,84C 234.349,85.7702 236.015,87.4369 238.5,89C 237.833,89.3333 237.167,89.6667 236.5,90C 237.737,90.2321 238.737,90.7321 239.5,91.5C 229.783,90.5568 224.783,94.8902 224.5,104.5C 222.713,106.476 220.546,107.809 218,108.5C 217.501,113.489 217.334,118.489 217.5,123.5C 215.833,123.5 214.167,123.5 212.5,123.5C 209.947,111.789 211.447,100.455 217,89.5C 222.257,82.343 229.424,78.6763 238.5,78.5 Z"/></g>
<g><path style="opacity:0.012" fill="#e1dbe7" d="M 239.5,91.5 C 251.315,91.6493 256.982,97.6493 256.5,109.5C 246.833,109.5 237.167,109.5 227.5,109.5C 227.5,107.5 227.5,105.5 227.5,103.5C 229.17,97.1634 233.17,93.1634 239.5,91.5 Z M 236.5,93.5 C 248.015,92.0224 254.015,97.0224 254.5,108.5C 245.833,108.5 237.167,108.5 228.5,108.5C 228.351,105.393 228.851,102.393 230,99.5C 232.063,97.2659 234.229,95.2659 236.5,93.5 Z"/></g>
<g><path style="opacity:0.035" fill="#efe5f6" d="M 496.5,90.5 C 498.104,91.287 498.771,92.6203 498.5,94.5C 497.326,93.4863 496.66,92.153 496.5,90.5 Z"/></g>
<g><path style="opacity:1" fill="#2c0961" d="M 610.5,86.5 C 611.393,88.297 612.726,89.6304 614.5,90.5C 616.373,111.432 617.04,132.432 616.5,153.5C 611.28,154.631 606.113,154.631 601,153.5C 600.5,135.503 600.333,117.503 600.5,99.5C 601.75,99.5774 602.583,100.244 603,101.5C 603.333,99.8333 603.667,98.1667 604,96.5C 604.667,95.1667 605.333,95.1667 606,96.5C 606.167,96 606.333,95.5 606.5,95C 605.623,93.1327 604.123,91.966 602,91.5C 601.51,90.2068 601.343,88.8734 601.5,87.5C 603.199,87.3398 604.866,87.5065 606.5,88C 611.971,98.2189 613.305,97.7189 610.5,86.5 Z"/></g>
<g><path style="opacity:0.094" fill="#efb7f3" d="M 883.5,90.5 C 885.99,93.6257 887.323,97.2924 887.5,101.5C 885.796,98.0615 884.462,94.3948 883.5,90.5 Z"/></g>
<g><path style="opacity:0.008" fill="#ded3e7" d="M 464.5,91.5 C 472.986,90.9908 478.819,94.6575 482,102.5C 482.667,111.167 482.667,119.833 482,128.5C 479.117,139.039 472.283,142.872 461.5,140C 458.591,138.594 456.591,136.428 455.5,133.5C 453.87,131.974 453.037,129.974 453,127.5C 452.333,119.167 452.333,110.833 453,102.5C 454.122,100.593 454.955,98.5932 455.5,96.5C 458.222,94.3533 461.222,92.6866 464.5,91.5 Z M 455.5,133.5 C 452.67,122.118 452.837,110.784 456,99.5C 460.176,93.888 465.676,92.0547 472.5,94C 478.015,97.1883 480.848,102.022 481,108.5C 481.991,116.651 481.324,124.651 479,132.5C 474.45,139.435 468.283,141.268 460.5,138C 458.963,136.293 457.296,134.793 455.5,133.5 Z"/></g>
<g><path style="opacity:0.42" fill="#efb1ef" d="M 858.5,92.5 C 858.5,92.1667 858.5,91.8333 858.5,91.5C 859.833,91.5 861.167,91.5 862.5,91.5C 866.061,94.2531 868.228,97.9198 869,102.5C 869.823,111.01 869.657,119.344 868.5,127.5C 868.807,118.448 868.307,109.448 867,100.5C 865.587,96.2518 862.754,93.5852 858.5,92.5 Z"/></g>
<g><path style="opacity:1" fill="#cc2ad7" d="M 871.5,80.5 C 875.24,84.161 878.74,88.161 882,92.5C 882.41,93.9007 882.91,95.234 883.5,96.5C 884.985,103.032 885.652,109.699 885.5,116.5C 885.473,124.54 884.307,132.206 882,139.5C 880.535,140.369 879.369,139.869 878.5,138C 879.363,135.773 880.363,133.607 881.5,131.5C 879.918,125.014 878.918,118.347 878.5,111.5C 877.904,119.554 877.07,127.554 876,135.5C 874.326,136.676 872.826,138.01 871.5,139.5C 870.534,137.604 870.201,135.604 870.5,133.5C 870.667,122.162 870.5,110.828 870,99.5C 868.619,97.3651 867.619,95.0318 867,92.5C 865.644,91.6198 864.144,91.2865 862.5,91.5C 861.319,89.9328 859.653,89.0995 857.5,89C 859.384,88.7837 861.051,88.117 862.5,87C 860.275,86.4389 858.275,85.4389 856.5,84C 856.833,83.6667 857.167,83.3333 857.5,83C 853.916,81.9266 850.25,81.2599 846.5,81C 845.672,80.0853 844.672,79.4186 843.5,79C 852.929,78.1047 862.262,78.6047 871.5,80.5 Z"/></g>
<g><path style="opacity:1" fill="#2c1252" d="M 379.5,85.5 C 382.518,85.3354 385.518,85.502 388.5,86C 384.544,87.2348 381.878,89.7348 380.5,93.5C 382.106,103.608 383.439,113.608 384.5,123.5C 384.335,127.182 384.501,130.848 385,134.5C 386.363,137.772 388.863,139.438 392.5,139.5C 392.414,140.496 392.748,141.329 393.5,142C 402.12,142.38 410.62,142.547 419,142.5C 419.667,145.167 419.667,147.833 419,150.5C 418.097,151.701 416.931,152.535 415.5,153C 407.547,153.369 399.714,153.535 392,153.5C 387.911,151.981 384.411,149.647 381.5,146.5C 381.348,141.24 381.181,135.906 381,130.5C 380.308,129.975 379.808,129.308 379.5,128.5C 380.585,127.216 381.252,125.716 381.5,124C 381.026,116.06 379.36,108.393 376.5,101C 377.233,99.2341 377.567,97.4008 377.5,95.5C 376.5,95.5 375.5,95.5 374.5,95.5C 374.5,94.5 374.5,93.5 374.5,92.5C 376.699,90.6319 378.366,88.2986 379.5,85.5 Z"/></g>
<g><path style="opacity:0.973" fill="#c038b0" d="M 840.5,75.5 C 839.833,68.1667 839.167,60.8333 838.5,53.5C 838.389,52.8826 838.056,52.3826 837.5,52C 833.311,51.1881 829.311,51.3547 825.5,52.5C 824.336,84.9974 824.169,117.664 825,150.5C 825.717,151.044 826.217,151.711 826.5,152.5C 825.504,152.586 824.671,152.252 824,151.5C 823.333,118.167 823.333,84.8333 824,51.5C 829.136,50.1862 834.303,50.1862 839.5,51.5C 840.498,59.4723 840.831,67.4723 840.5,75.5 Z"/></g>
<g><path style="opacity:1" fill="#2c144e" d="M 374.5,92.5 C 374.5,93.5 374.5,94.5 374.5,95.5C 375.5,95.5 376.5,95.5 377.5,95.5C 377.567,97.4008 377.233,99.2341 376.5,101C 379.36,108.393 381.026,116.06 381.5,124C 381.252,125.716 380.585,127.216 379.5,128.5C 379.808,129.308 380.308,129.975 381,130.5C 381.181,135.906 381.348,141.24 381.5,146.5C 384.411,149.647 387.911,151.981 392,153.5C 399.714,153.535 407.547,153.369 415.5,153C 416.931,152.535 418.097,151.701 419,150.5C 419.667,147.833 419.667,145.167 419,142.5C 410.62,142.547 402.12,142.38 393.5,142C 392.748,141.329 392.414,140.496 392.5,139.5C 395.973,140.967 399.64,141.634 403.5,141.5C 409.158,140.967 414.825,140.634 420.5,140.5C 420.666,144.846 420.499,149.179 420,153.5C 419.25,154.126 418.416,154.626 417.5,155C 407.515,156.728 397.515,156.894 387.5,155.5C 379.682,151.684 374.349,145.684 371.5,137.5C 372.539,131.599 372.206,125.766 370.5,120C 371.315,112.913 371.815,105.747 372,98.5C 372.037,96.0261 372.87,94.0261 374.5,92.5 Z"/></g>
<g><path style="opacity:1" fill="#2b1056" d="M 470.5,78.5 C 467.603,78.1253 464.937,78.6253 462.5,80C 463.579,80.956 464.745,81.7894 466,82.5C 468.401,81.3977 470.901,81.231 473.5,82C 470.623,83.1268 467.623,83.7935 464.5,84C 464.833,84.3333 465.167,84.6667 465.5,85C 464.5,85.3333 463.5,85.6667 462.5,86C 462.833,86.3333 463.167,86.6667 463.5,87C 461.122,87.5112 458.788,88.1779 456.5,89C 462.016,89.1733 467.349,89.6733 472.5,90.5C 469.615,90.1936 466.948,90.5269 464.5,91.5C 461.222,92.6866 458.222,94.3533 455.5,96.5C 454,97.5875 452.667,98.9208 451.5,100.5C 450.168,112.191 450.334,123.857 452,135.5C 457.15,139.171 456.65,141.505 450.5,142.5C 451.422,138.518 449.922,136.184 446,135.5C 444.333,136.5 443,137.833 442,139.5C 439.472,135.874 437.805,131.874 437,127.5C 436.333,119.5 436.333,111.5 437,103.5C 439.003,100.5 439.836,97.1669 439.5,93.5C 442.236,89.9474 445.236,86.4474 448.5,83C 452.286,81.6074 455.952,79.9407 459.5,78C 463.358,77.1901 467.024,77.3567 470.5,78.5 Z"/></g>
<g><path style="opacity:1" fill="#2c0c5b" d="M 522.5,78.5 C 526.167,78.5 529.833,78.5 533.5,78.5C 533.5,103.5 533.5,128.5 533.5,153.5C 528.833,153.5 524.167,153.5 519.5,153.5C 519.333,129.164 519.5,104.831 520,80.5C 520.995,79.9341 521.828,79.2674 522.5,78.5 Z"/></g>
<g><path style="opacity:0.759" fill="#ad509f" d="M 799.5,79.5 C 800.5,79.5 801.5,79.5 802.5,79.5C 803.5,79.8333 804.167,80.5 804.5,81.5C 804.831,104.673 804.498,127.673 803.5,150.5C 803.667,127.498 803.5,104.498 803,81.5C 801.698,80.9152 800.531,80.2485 799.5,79.5 Z"/></g>
<g><path style="opacity:0.084" fill="#fcd4fb" d="M 804.5,81.5 C 805.663,104.663 805.83,127.996 805,151.5C 801.032,154.452 796.532,155.786 791.5,155.5C 795.001,154.2 798.667,153.034 802.5,152C 803.056,151.617 803.389,151.117 803.5,150.5C 804.498,127.673 804.831,104.673 804.5,81.5 Z"/></g>
<g><path style="opacity:0.026" fill="#fee1fe" d="M 857.5,91.5 C 857.833,91.5 858.167,91.5 858.5,91.5C 858.5,91.8333 858.5,92.1667 858.5,92.5C 853.167,92.5 847.833,92.5 842.5,92.5C 842.333,108.17 842.5,123.837 843,139.5C 848.072,140.471 853.238,140.805 858.5,140.5C 853.025,141.489 847.358,141.822 841.5,141.5C 841.5,141.167 841.5,140.833 841.5,140.5C 841.5,124.167 841.5,107.833 841.5,91.5C 846.833,91.5 852.167,91.5 857.5,91.5 Z"/></g>
<g><path style="opacity:0.961" fill="#c465cd" d="M 871.5,80.5 C 872.833,80.8333 874.167,81.1667 875.5,81.5C 875.973,82.9063 876.973,83.573 878.5,83.5C 879.08,85.7488 880.413,87.4154 882.5,88.5C 883.338,88.8417 883.672,89.5084 883.5,90.5C 884.462,94.3948 885.796,98.0615 887.5,101.5C 888.658,111.325 888.825,121.325 888,131.5C 887.79,133.058 887.29,134.391 886.5,135.5C 885.833,136.167 885.167,136.833 884.5,137.5C 886.497,125.932 886.997,114.265 886,102.5C 885.155,100.389 884.322,98.3885 883.5,96.5C 882.91,95.234 882.41,93.9007 882,92.5C 878.74,88.161 875.24,84.161 871.5,80.5 Z"/></g>
<g><path style="opacity:0.255" fill="#f3b6fc" d="M 920.5,93.5 C 919.167,95.5 919.167,97.5 920.5,99.5C 919.833,99.1667 919.167,98.8333 918.5,98.5C 918.5,97.1667 918.5,95.8333 918.5,94.5C 919.167,94.1667 919.833,93.8333 920.5,93.5 Z"/></g>
<g><path style="opacity:0.452" fill="#fab9ed" d="M 766.5,92.5 C 772.645,91.5098 778.978,91.1765 785.5,91.5C 786.661,107.328 786.828,123.328 786,139.5C 785.329,140.252 784.496,140.586 783.5,140.5C 784.067,138.97 784.733,137.47 785.5,136C 784.51,121.579 784.176,107.079 784.5,92.5C 778.5,92.5 772.5,92.5 766.5,92.5 Z"/></g>
<g><path style="opacity:0.926" fill="#c955c1" d="M 857.5,91.5 C 852.167,91.5 846.833,91.5 841.5,91.5C 841.5,107.833 841.5,124.167 841.5,140.5C 839.896,139.713 839.229,138.38 839.5,136.5C 839.167,121.152 839.501,105.819 840.5,90.5C 845.78,89.3822 851.113,89.2155 856.5,90C 857.056,90.3826 857.389,90.8826 857.5,91.5 Z"/></g>
<g><path style="opacity:0.004" fill="#f1edf5" d="M 210.5,94.5 C 210.405,96.7857 209.738,98.7857 208.5,100.5C 208.259,98.1016 208.926,96.1016 210.5,94.5 Z"/></g>
<g><path style="opacity:0.035" fill="#f1ecf6" d="M 271.5,92.5 C 273.585,94.6845 274.585,97.3511 274.5,100.5C 273.833,99.5 273.167,98.5 272.5,97.5C 271.962,95.8828 271.629,94.2161 271.5,92.5 Z"/></g>
<g><path style="opacity:0.478" fill="#d1c5d9" d="M 498.5,94.5 C 500.074,96.1016 500.741,98.1016 500.5,100.5C 500.167,100.5 499.833,100.5 499.5,100.5C 498.85,98.5648 498.517,96.5648 498.5,94.5 Z"/></g>
<g><path style="opacity:1" fill="#cc409e" d="M 779.5,89.5 C 782.082,89.0254 784.082,89.6921 785.5,91.5C 778.978,91.1765 772.645,91.5098 766.5,92.5C 766.158,93.3382 765.492,93.6716 764.5,93.5C 761.142,94.5269 759.475,96.8602 759.5,100.5C 758.778,100.918 758.278,101.584 758,102.5C 757.5,111.494 757.334,120.494 757.5,129.5C 756.834,124.511 756.501,119.344 756.5,114C 756.377,108.061 756.877,102.228 758,96.5C 759.501,94.6305 761.001,92.7972 762.5,91C 768.101,89.7832 773.768,89.2832 779.5,89.5 Z"/></g>
<g><path style="opacity:1" fill="#2b1d3f" d="M 104.5,102.5 C 105.09,103.766 105.59,105.099 106,106.5C 106.333,106.167 106.667,105.833 107,105.5C 107.333,107.833 107.667,110.167 108,112.5C 108.414,112.043 108.914,111.709 109.5,111.5C 110.562,119.473 111.395,127.473 112,135.5C 112.934,136.858 113.768,138.192 114.5,139.5C 114.712,141.384 115.712,142.717 117.5,143.5C 118.308,141.577 118.808,139.577 119,137.5C 121.287,140.072 122.453,143.072 122.5,146.5C 121.883,146.389 121.383,146.056 121,145.5C 120.059,149.074 118.393,152.074 116,154.5C 113.459,153.993 110.959,153.326 108.5,152.5C 107.691,150.929 107.357,149.262 107.5,147.5C 105.5,147.5 103.5,147.5 101.5,147.5C 101.145,143.644 100.978,139.644 101,135.5C 99.8476,132.56 98.8476,129.56 98,126.5C 97.6667,126.833 97.3333,127.167 97,127.5C 96.349,121.173 95.849,114.84 95.5,108.5C 97.2624,108.643 98.9291,108.309 100.5,107.5C 101.321,104.553 101.821,101.553 102,98.5C 103.095,99.6934 103.928,101.027 104.5,102.5 Z"/></g>
<g><path style="opacity:0.129" fill="#fbc0f0" d="M 764.5,93.5 C 762.576,95.695 760.909,98.0283 759.5,100.5C 759.475,96.8602 761.142,94.5269 764.5,93.5 Z"/></g>
<g><path style="opacity:1" fill="#c02ee5" d="M 920.5,78.5 C 921.058,79.7899 922.058,80.6232 923.5,81C 920.854,81.4974 918.187,81.6641 915.5,81.5C 915.5,82.8333 915.5,84.1667 915.5,85.5C 914.167,85.5 912.833,85.5 911.5,85.5C 910.833,88.1667 910.167,90.8333 909.5,93.5C 911.792,93.2436 913.959,93.5769 916,94.5C 916.461,91.9093 915.628,89.7427 913.5,88C 917.456,86.352 921.289,84.5187 925,82.5C 925.925,83.0465 926.758,83.7132 927.5,84.5C 925.972,85.8613 924.305,87.028 922.5,88C 923.793,88.49 925.127,88.6567 926.5,88.5C 924.26,89.2644 921.927,90.0977 919.5,91C 918.663,92.0113 918.33,93.1779 918.5,94.5C 918.5,95.8333 918.5,97.1667 918.5,98.5C 919.433,101.37 921.1,103.704 923.5,105.5C 922.732,106.263 922.232,107.263 922,108.5C 921.107,107.289 920.274,107.289 919.5,108.5C 921.021,110.286 921.354,112.119 920.5,114C 922.45,113.877 924.117,114.877 925.5,117C 924.359,117.741 924.359,118.575 925.5,119.5C 927.078,120.298 928.744,120.798 930.5,121C 929.167,121.333 927.833,121.667 926.5,122C 927.056,122.383 927.389,122.883 927.5,123.5C 926.167,123.5 924.833,123.5 923.5,123.5C 921.215,120.548 918.548,117.882 915.5,115.5C 914.271,114.719 912.938,114.219 911.5,114C 908.756,109.784 905.756,105.951 902.5,102.5C 902.191,97.7325 902.691,93.0658 904,88.5C 907.911,82.3994 913.411,79.066 920.5,78.5 Z"/></g>
<g><path style="opacity:1" fill="#2b0f55" d="M 488.5,84.5 C 489.785,85.7853 491.119,87.1186 492.5,88.5C 493.107,88.3764 493.44,88.0431 493.5,87.5C 493.833,87.5 494.167,87.5 494.5,87.5C 494.427,89.0269 495.094,90.0269 496.5,90.5C 496.66,92.153 497.326,93.4863 498.5,94.5C 498.517,96.5648 498.85,98.5648 499.5,100.5C 499.666,109.173 499.5,117.84 499,126.5C 497.499,132.168 495.999,137.834 494.5,143.5C 490.959,149.026 485.959,152.693 479.5,154.5C 472.492,154.666 465.492,154.5 458.5,154C 455.244,150.844 451.577,148.677 447.5,147.5C 448.768,146.213 448.435,145.213 446.5,144.5C 447.68,141.919 448.68,142.086 449.5,145C 452.128,146.61 454.795,146.777 457.5,145.5C 462.565,145.377 467.232,146.044 471.5,147.5C 468.151,149.88 464.484,151.714 460.5,153C 467.863,153.537 475.196,153.203 482.5,152C 483.653,150.117 485.319,149.284 487.5,149.5C 487.41,145.575 489.077,142.575 492.5,140.5C 489.418,138.043 487.418,134.876 486.5,131C 486.564,126.539 486.564,122.039 486.5,117.5C 486.633,114.586 487.8,112.253 490,110.5C 491.061,105.896 491.727,101.229 492,96.5C 492.44,94.9238 493.273,93.5904 494.5,92.5C 492.604,91.5344 490.604,91.2011 488.5,91.5C 488.5,89.1667 488.5,86.8333 488.5,84.5 Z"/></g>
<g><path style="opacity:1" fill="#392e49" d="M 102.5,52.5 C 104.02,54.5884 105.02,56.9217 105.5,59.5C 106.112,70.7243 107.445,81.7243 109.5,92.5C 110.946,98.2737 111.612,104.274 111.5,110.5C 111.194,113.385 111.527,116.052 112.5,118.5C 112.156,124.098 112.822,129.432 114.5,134.5C 114.5,136.167 114.5,137.833 114.5,139.5C 113.768,138.192 112.934,136.858 112,135.5C 111.395,127.473 110.562,119.473 109.5,111.5C 108.914,111.709 108.414,112.043 108,112.5C 107.667,110.167 107.333,107.833 107,105.5C 106.667,105.833 106.333,106.167 106,106.5C 105.59,105.099 105.09,103.766 104.5,102.5C 105.163,100.527 105.496,98.3608 105.5,96C 105.517,91.6952 104.851,87.5285 103.5,83.5C 103.833,80.8333 104.167,78.1667 104.5,75.5C 103.432,68.7595 102.932,62.0929 103,55.5C 100.583,54.0015 97.9165,53.3349 95,53.5C 90.4942,52.498 87.6608,54.1647 86.5,58.5C 87.4328,62.4295 87.7662,66.4295 87.5,70.5C 85.9431,64.7386 85.2764,58.7386 85.5,52.5C 91.1667,52.5 96.8333,52.5 102.5,52.5 Z"/></g>
<g><path style="opacity:0.953" fill="#aa45cc" d="M 918.5,98.5 C 919.167,98.8333 919.833,99.1667 920.5,99.5C 924.624,103.281 929.291,106.281 934.5,108.5C 934.833,108.5 935.167,108.5 935.5,108.5C 935.557,109.609 935.89,110.609 936.5,111.5C 932.295,109.231 927.962,107.231 923.5,105.5C 921.1,103.704 919.433,101.37 918.5,98.5 Z"/></g>
<g><path style="opacity:0.161" fill="#f2befb" d="M 920.5,99.5 C 925.709,101.719 930.376,104.719 934.5,108.5C 929.291,106.281 924.624,103.281 920.5,99.5 Z"/></g>
<g><path style="opacity:1" fill="#2a134f" d="M 561.5,83.5 C 560.992,85.8654 560.325,88.1987 559.5,90.5C 557.803,91.3636 556.637,92.6969 556,94.5C 555.5,114.164 555.333,133.831 555.5,153.5C 560.167,153.5 564.833,153.5 569.5,153.5C 570.256,134.183 570.756,114.85 571,95.5C 571.833,93.3333 573.333,91.8333 575.5,91C 581.349,90.1816 587.015,90.3483 592.5,91.5C 587.156,91.334 581.823,91.5006 576.5,92C 574.622,93.5429 573.122,95.3762 572,97.5C 571.667,116.5 571.333,135.5 571,154.5C 569.644,155.38 568.144,155.714 566.5,155.5C 562.233,155.797 558.066,155.464 554,154.5C 553.333,135.167 553.333,115.833 554,96.5C 554.98,91.1963 557.48,86.863 561.5,83.5 Z"/></g>
<g><path style="opacity:0.02" fill="#f2eef7" d="M 125.5,105.5 C 125.405,107.786 124.738,109.786 123.5,111.5C 123.259,109.102 123.926,107.102 125.5,105.5 Z"/></g>
<g><path style="opacity:0.659" fill="#e19ceb" d="M 903.5,108.5 C 905.785,110.118 907.785,112.118 909.5,114.5C 906.522,113.522 904.522,111.522 903.5,108.5 Z"/></g>
<g><path style="opacity:0.007" fill="#eceaf0" d="M 111.5,110.5 C 112.216,112.556 112.883,114.723 113.5,117C 112.944,117.383 112.611,117.883 112.5,118.5C 111.527,116.052 111.194,113.385 111.5,110.5 Z"/></g>
<g><path style="opacity:1" fill="#2c0e59" d="M 470.5,78.5 C 477.099,78.8041 483.099,80.8041 488.5,84.5C 488.5,86.8333 488.5,89.1667 488.5,91.5C 490.604,91.2011 492.604,91.5344 494.5,92.5C 493.273,93.5904 492.44,94.9238 492,96.5C 491.727,101.229 491.061,105.896 490,110.5C 487.8,112.253 486.633,114.586 486.5,117.5C 486.564,122.039 486.564,126.539 486.5,131C 487.418,134.876 489.418,138.043 492.5,140.5C 489.077,142.575 487.41,145.575 487.5,149.5C 485.319,149.284 483.653,150.117 482.5,152C 475.196,153.203 467.863,153.537 460.5,153C 464.484,151.714 468.151,149.88 471.5,147.5C 467.232,146.044 462.565,145.377 457.5,145.5C 457.389,144.883 457.056,144.383 456.5,144C 459.133,142.5 461.8,142.333 464.5,143.5C 468.159,142.899 471.826,142.233 475.5,141.5C 477.883,139.414 480.383,137.414 483,135.5C 484.976,124.18 484.976,112.847 483,101.5C 481.722,95.5437 478.222,91.877 472.5,90.5C 467.349,89.6733 462.016,89.1733 456.5,89C 458.788,88.1779 461.122,87.5112 463.5,87C 463.167,86.6667 462.833,86.3333 462.5,86C 463.5,85.6667 464.5,85.3333 465.5,85C 465.167,84.6667 464.833,84.3333 464.5,84C 467.623,83.7935 470.623,83.1268 473.5,82C 470.901,81.231 468.401,81.3977 466,82.5C 464.745,81.7894 463.579,80.956 462.5,80C 464.937,78.6253 467.603,78.1253 470.5,78.5 Z"/></g>
<g><path style="opacity:0.281" fill="#cebee1" d="M 616.5,92.5 C 618.175,95.5072 618.841,98.8405 618.5,102.5C 618.83,119.342 618.497,136.008 617.5,152.5C 617.772,132.477 617.439,112.477 616.5,92.5 Z"/></g>
<g><path style="opacity:0.015" fill="#fdf6fe" d="M 618.5,102.5 C 619.662,119.662 619.829,136.995 619,154.5C 618.617,155.056 618.117,155.389 617.5,155.5C 617.5,155.167 617.5,154.833 617.5,154.5C 617.5,153.833 617.5,153.167 617.5,152.5C 618.497,136.008 618.83,119.342 618.5,102.5 Z"/></g>
<g><path style="opacity:0.969" fill="#b552cc" d="M 902.5,102.5 C 905.756,105.951 908.756,109.784 911.5,114C 912.938,114.219 914.271,114.719 915.5,115.5C 918.548,117.882 921.215,120.548 923.5,123.5C 918.291,121.281 913.624,118.281 909.5,114.5C 907.785,112.118 905.785,110.118 903.5,108.5C 902.85,106.565 902.517,104.565 902.5,102.5 Z"/></g>
<g><path style="opacity:1" fill="#2c1f42" d="M 253.5,78.5 C 248.341,77.4682 243.341,77.4682 238.5,78.5C 229.424,78.6763 222.257,82.343 217,89.5C 211.447,100.455 209.947,111.789 212.5,123.5C 214.167,123.5 215.833,123.5 217.5,123.5C 217.334,118.489 217.501,113.489 218,108.5C 220.546,107.809 222.713,106.476 224.5,104.5C 224.783,94.8902 229.783,90.5568 239.5,91.5C 233.17,93.1634 229.17,97.1634 227.5,103.5C 226.532,105.607 226.198,107.941 226.5,110.5C 236.5,110.5 246.5,110.5 256.5,110.5C 256.435,110.938 256.601,111.272 257,111.5C 258.133,109.789 259.633,109.289 261.5,110C 259.574,110.422 258.574,111.589 258.5,113.5C 247.576,112.358 236.576,112.191 225.5,113C 228.279,113.149 228.779,113.983 227,115.5C 225.951,114.483 224.784,114.316 223.5,115C 225.915,116.465 226.915,118.632 226.5,121.5C 241.504,121.667 256.504,121.5 271.5,121C 272.252,120.329 272.586,119.496 272.5,118.5C 273.644,111.654 273.644,104.654 272.5,97.5C 273.167,98.5 273.833,99.5 274.5,100.5C 274.813,107.755 274.48,114.921 273.5,122C 257.837,122.5 242.17,122.667 226.5,122.5C 226.457,125.91 226.957,129.243 228,132.5C 228.66,134.324 229.827,135.657 231.5,136.5C 232.453,138.61 234.119,139.777 236.5,140C 244.159,140.5 251.826,140.666 259.5,140.5C 263.534,140.495 267.534,140.162 271.5,139.5C 272.074,144.648 271.407,149.482 269.5,154C 257.605,156.369 245.605,157.036 233.5,156C 229.73,155.278 226.397,153.778 223.5,151.5C 226.157,151.162 228.49,151.829 230.5,153.5C 244.078,155.272 257.411,154.605 270.5,151.5C 270.5,148.5 270.5,145.5 270.5,142.5C 258,143.311 245.667,143.477 233.5,143C 229.774,138.768 227.107,133.935 225.5,128.5C 224.833,128.167 224.167,127.833 223.5,127.5C 221.004,128.58 218.67,129.914 216.5,131.5C 214.756,135.195 214.09,138.862 214.5,142.5C 213.542,142.047 212.708,141.381 212,140.5C 210.794,136.55 209.794,132.55 209,128.5C 208.5,119.173 208.334,109.839 208.5,100.5C 209.738,98.7857 210.405,96.7857 210.5,94.5C 213.742,88.5888 218.075,83.5888 223.5,79.5C 226.237,78.969 228.904,78.1356 231.5,77C 234.5,76.8333 237.5,76.6667 240.5,76.5C 245.107,76.3164 249.44,76.983 253.5,78.5 Z"/></g>
<g><path style="opacity:0.809" fill="#524960" d="M 227.5,103.5 C 227.5,105.5 227.5,107.5 227.5,109.5C 237.167,109.5 246.833,109.5 256.5,109.5C 256.5,109.833 256.5,110.167 256.5,110.5C 246.5,110.5 236.5,110.5 226.5,110.5C 226.198,107.941 226.532,105.607 227.5,103.5 Z"/></g>
<g><path style="opacity:0.918" fill="#332050" d="M 499.5,100.5 C 499.833,100.5 500.167,100.5 500.5,100.5C 500.666,109.839 500.5,119.173 500,128.5C 499.521,134.142 497.687,139.142 494.5,143.5C 495.999,137.834 497.499,132.168 499,126.5C 499.5,117.84 499.666,109.173 499.5,100.5 Z"/></g>
<g><path style="opacity:0.277" fill="#ddd2e9" d="M 616.5,92.5 C 615.833,91.8333 615.167,91.1667 614.5,90.5C 611.242,82.4156 605.242,77.9156 596.5,77C 588.167,76.3333 579.833,76.3333 571.5,77C 567.589,78.4442 564.256,80.6109 561.5,83.5C 557.48,86.863 554.98,91.1963 554,96.5C 553.333,115.833 553.333,135.167 554,154.5C 558.066,155.464 562.233,155.797 566.5,155.5C 563.038,156.482 559.371,156.815 555.5,156.5C 553.589,156.426 552.422,155.426 552,153.5C 551.333,136.5 551.333,119.5 552,102.5C 552.142,89.3617 558.308,80.5284 570.5,76C 583.682,73.0066 596.349,74.3399 608.5,80C 612.578,83.3365 615.245,87.5032 616.5,92.5 Z"/></g>
<g><path style="opacity:0.982" fill="#2b144e" d="M 614.5,90.5 C 612.726,89.6304 611.393,88.297 610.5,86.5C 607.887,83.906 604.887,81.7394 601.5,80C 599.608,79.0266 597.608,78.3599 595.5,78C 588.321,77.1787 581.321,77.3454 574.5,78.5C 569.803,79.6143 565.47,81.281 561.5,83.5C 564.256,80.6109 567.589,78.4442 571.5,77C 579.833,76.3333 588.167,76.3333 596.5,77C 605.242,77.9156 611.242,82.4156 614.5,90.5 Z"/></g>
<g><path style="opacity:0.187" fill="#e8def1" d="M 592.5,91.5 C 592.833,91.5 593.167,91.5 593.5,91.5C 596.228,93.0691 598.062,95.4025 599,98.5C 599.5,117.497 599.667,136.497 599.5,155.5C 598.191,154.376 597.525,152.876 597.5,151C 598.037,148.025 598.37,145.025 598.5,142C 597.781,127.176 597.281,112.343 597,97.5C 594.471,93.1112 590.637,91.4446 585.5,92.5C 580.363,91.4446 576.529,93.1112 574,97.5C 573.678,102.852 573.178,108.186 572.5,113.5C 573.612,126.814 573.779,140.147 573,153.5C 572.535,154.931 571.701,156.097 570.5,157C 565.316,157.816 560.316,157.65 555.5,156.5C 559.371,156.815 563.038,156.482 566.5,155.5C 568.144,155.714 569.644,155.38 571,154.5C 571.333,135.5 571.667,116.5 572,97.5C 573.122,95.3762 574.622,93.5429 576.5,92C 581.823,91.5006 587.156,91.334 592.5,91.5 Z"/></g>
<g><path style="opacity:0.22" fill="#f9beee" d="M 759.5,100.5 C 758.208,110.835 758.208,121.169 759.5,131.5C 758.833,130.833 758.167,130.167 757.5,129.5C 757.334,120.494 757.5,111.494 758,102.5C 758.278,101.584 758.778,100.918 759.5,100.5 Z"/></g>
<g><path style="opacity:1" fill="#ca2dd2" d="M 883.5,96.5 C 884.322,98.3885 885.155,100.389 886,102.5C 886.997,114.265 886.497,125.932 884.5,137.5C 884.371,139.216 884.038,140.883 883.5,142.5C 882.094,142.973 881.427,143.973 881.5,145.5C 880.094,145.973 879.427,146.973 879.5,148.5C 874.28,149.45 869.613,151.45 865.5,154.5C 856.749,154.803 848.082,154.47 839.5,153.5C 844.609,152.449 849.609,150.782 854.5,148.5C 853.271,147.719 851.938,147.219 850.5,147C 851.955,145.374 853.622,144.208 855.5,143.5C 862.42,142.884 867.42,139.551 870.5,133.5C 870.201,135.604 870.534,137.604 871.5,139.5C 872.826,138.01 874.326,136.676 876,135.5C 877.07,127.554 877.904,119.554 878.5,111.5C 878.918,118.347 879.918,125.014 881.5,131.5C 880.363,133.607 879.363,135.773 878.5,138C 879.369,139.869 880.535,140.369 882,139.5C 884.307,132.206 885.473,124.54 885.5,116.5C 885.652,109.699 884.985,103.032 883.5,96.5 Z"/></g>
<g><path style="opacity:0.455" fill="#e1a9f1" d="M 935.5,108.5 C 943.129,111.634 949.129,116.634 953.5,123.5C 950.703,121.205 948.036,118.705 945.5,116C 942.589,114.239 939.589,112.739 936.5,111.5C 935.89,110.609 935.557,109.609 935.5,108.5 Z"/></g>
<g><path style="opacity:0.426" fill="#c1b7cd" d="M 433.5,104.5 C 433.833,104.5 434.167,104.5 434.5,104.5C 434.5,111.167 434.5,117.833 434.5,124.5C 434.167,124.5 433.833,124.5 433.5,124.5C 432.315,117.983 432.315,111.316 433.5,104.5 Z"/></g>
<g><path style="opacity:0.031" fill="#e6e2ed" d="M 134.5,113.5 C 134.741,115.898 134.074,117.898 132.5,119.5C 132.595,117.214 133.262,115.214 134.5,113.5 Z"/></g>
<g><path style="opacity:0.047" fill="#e7e1eb" d="M 123.5,111.5 C 122.922,116.165 121.589,120.499 119.5,124.5C 120.061,119.824 121.394,115.491 123.5,111.5 Z"/></g>
<g><path style="opacity:1" fill="#2b1a48" d="M 272.5,118.5 C 272.586,119.496 272.252,120.329 271.5,121C 256.504,121.5 241.504,121.667 226.5,121.5C 226.915,118.632 225.915,116.465 223.5,115C 224.784,114.316 225.951,114.483 227,115.5C 228.779,113.983 228.279,113.149 225.5,113C 236.576,112.191 247.576,112.358 258.5,113.5C 259.458,113.047 260.292,112.381 261,111.5C 261.308,112.308 261.808,112.975 262.5,113.5C 264.776,112.787 267.109,112.287 269.5,112C 267.527,111.505 265.527,111.338 263.5,111.5C 263.666,106.156 263.499,100.823 263,95.5C 260.961,93.1255 258.628,91.1255 256,89.5C 255.333,87.8333 255.333,86.1667 256,84.5C 260.503,85.3338 263.669,87.8338 265.5,92C 266.549,92.4922 267.549,92.3256 268.5,91.5C 271.505,100.206 272.838,109.206 272.5,118.5 Z"/></g>
<g><path style="opacity:0.223" fill="#ffc9f3" d="M 741.5,93.5 C 741.167,96.1667 740.833,98.8333 740.5,101.5C 739.506,111.653 739.172,121.986 739.5,132.5C 738.341,122.008 738.175,111.341 739,100.5C 739.39,97.8958 740.224,95.5625 741.5,93.5 Z"/></g>
<g><path style="opacity:0.805" fill="#b542b9" d="M 862.5,91.5 C 864.144,91.2865 865.644,91.6198 867,92.5C 867.619,95.0318 868.619,97.3651 870,99.5C 870.5,110.828 870.667,122.162 870.5,133.5C 867.42,139.551 862.42,142.884 855.5,143.5C 850.381,144.103 845.715,143.436 841.5,141.5C 847.358,141.822 853.025,141.489 858.5,140.5C 863.056,140.899 865.722,138.899 866.5,134.5C 867.117,134.389 867.617,134.056 868,133.5C 868.495,131.527 868.662,129.527 868.5,127.5C 869.657,119.344 869.823,111.01 869,102.5C 868.228,97.9198 866.061,94.2531 862.5,91.5 Z"/></g>
<g><path style="opacity:0.392" fill="#bbb4c3" d="M 132.5,119.5 C 131.64,124.86 129.973,129.86 127.5,134.5C 128.194,129.085 129.86,124.085 132.5,119.5 Z"/></g>
<g><path style="opacity:0.341" fill="#cec7d6" d="M 274.5,100.5 C 275.322,103.665 275.989,106.998 276.5,110.5C 276.352,114.055 276.352,117.555 276.5,121C 274.071,124.323 271.071,125.157 267.5,123.5C 254.181,124.259 240.848,124.759 227.5,125C 228.167,126.667 228.833,128.333 229.5,130C 229.167,130.333 228.833,130.667 228.5,131C 229.758,132.741 230.758,134.574 231.5,136.5C 229.827,135.657 228.66,134.324 228,132.5C 226.957,129.243 226.457,125.91 226.5,122.5C 242.17,122.667 257.837,122.5 273.5,122C 274.48,114.921 274.813,107.755 274.5,100.5 Z"/></g>
<g><path style="opacity:1" fill="#2f1c4a" d="M 419.5,78.5 C 410.841,77.7503 402.174,77.5836 393.5,78C 390.771,78.0047 388.771,79.1713 387.5,81.5C 384.498,82.3341 381.832,83.6675 379.5,85.5C 378.366,88.2986 376.699,90.6319 374.5,92.5C 372.87,94.0261 372.037,96.0261 372,98.5C 371.815,105.747 371.315,112.913 370.5,120C 372.206,125.766 372.539,131.599 371.5,137.5C 370.833,137.167 370.167,136.833 369.5,136.5C 368.42,124.86 368.254,113.193 369,101.5C 371.37,88.5746 378.87,80.408 391.5,77C 399.5,76.3333 407.5,76.3333 415.5,77C 417.058,77.21 418.391,77.71 419.5,78.5 Z"/></g>
<g><path style="opacity:0.839" fill="#c67bde" d="M 923.5,123.5 C 924.833,123.5 926.167,123.5 927.5,123.5C 929.183,124.853 930.516,126.52 931.5,128.5C 928.489,127.331 925.822,125.664 923.5,123.5 Z"/></g>
<g><path style="opacity:0.165" fill="#f6d0f0" d="M 149.5,132.5 C 148.069,131.22 147.402,129.553 147.5,127.5C 145.027,127.799 142.86,128.799 141,130.5C 139.374,129.711 137.874,128.711 136.5,127.5C 135.817,127.863 135.15,128.196 134.5,128.5C 136.729,125.906 138.895,126.24 141,129.5C 146.245,123.538 149.079,124.538 149.5,132.5 Z"/></g>
<g><path style="opacity:1" fill="#e927a8" d="M 763.5,78.5 C 767.555,78.1758 771.555,78.5091 775.5,79.5C 777.289,80.623 777.622,81.9564 776.5,83.5C 775.914,83.2907 775.414,82.9574 775,82.5C 773.764,84.5384 771.931,85.7051 769.5,86C 772.98,87.1026 776.313,88.2692 779.5,89.5C 773.768,89.2832 768.101,89.7832 762.5,91C 761.001,92.7972 759.501,94.6305 758,96.5C 756.877,102.228 756.377,108.061 756.5,114C 756.501,119.344 756.834,124.511 757.5,129.5C 758.167,130.167 758.833,130.833 759.5,131.5C 760.277,136.284 762.944,139.617 767.5,141.5C 766.432,143.74 764.766,145.574 762.5,147C 760.423,147.192 758.423,147.692 756.5,148.5C 758.809,150.353 761.142,152.02 763.5,153.5C 759.526,153.231 755.86,152.064 752.5,150C 750.959,148.629 749.625,147.129 748.5,145.5C 750.785,143.662 753.452,142.162 756.5,141C 755.953,138.633 754.953,136.467 753.5,134.5C 754.325,133.614 755.325,133.281 756.5,133.5C 756.435,131.304 755.768,129.304 754.5,127.5C 753.029,128.381 752.196,129.714 752,131.5C 752.193,121.862 752.526,112.196 753,102.5C 753.5,101.5 754,100.5 754.5,99.5C 752.465,95.4799 750.465,91.4799 748.5,87.5C 749.625,85.8712 750.959,84.3712 752.5,83C 756.188,81.4873 759.855,79.9873 763.5,78.5 Z"/></g>
<g><path style="opacity:0.024" fill="#e0dde5" d="M 119.5,124.5 C 119.279,127.067 118.612,129.401 117.5,131.5C 117.171,128.772 117.837,126.438 119.5,124.5 Z"/></g>
<g><path style="opacity:0.098" fill="#dad8e1" d="M 147.5,111.5 C 147.833,111.5 148.167,111.5 148.5,111.5C 151.498,121.489 154.498,131.489 157.5,141.5C 153.205,131.947 149.871,121.947 147.5,111.5 Z"/></g>
<g><path style="opacity:0.922" fill="#2a124c" d="M 614.5,90.5 C 615.167,91.1667 615.833,91.8333 616.5,92.5C 617.439,112.477 617.772,132.477 617.5,152.5C 617.5,153.167 617.5,153.833 617.5,154.5C 611.559,155.413 605.559,155.746 599.5,155.5C 599.667,136.497 599.5,117.497 599,98.5C 598.062,95.4025 596.228,93.0691 593.5,91.5C 594.5,91.5 595.5,91.5 596.5,91.5C 599.893,93.0263 601.226,95.693 600.5,99.5C 600.333,117.503 600.5,135.503 601,153.5C 606.113,154.631 611.28,154.631 616.5,153.5C 617.04,132.432 616.373,111.432 614.5,90.5 Z"/></g>
<g><path style="opacity:1" fill="#b82ff1" d="M 950.5,146.5 C 949.265,148.306 947.931,149.973 946.5,151.5C 942.074,151.927 937.74,152.761 933.5,154C 930.167,154.667 926.833,154.667 923.5,154C 926.224,153.73 928.891,153.23 931.5,152.5C 931.833,152.167 932.167,151.833 932.5,151.5C 930.49,150.935 928.824,149.935 927.5,148.5C 930.212,147.772 932.879,146.939 935.5,146C 930.167,145.667 924.833,145.333 919.5,145C 924.5,144.667 929.5,144.333 934.5,144C 939.256,140.637 940.589,136.137 938.5,130.5C 939.729,129.719 941.062,129.219 942.5,129C 939.883,128.178 937.216,127.678 934.5,127.5C 934.5,126.5 934.5,125.5 934.5,124.5C 935.822,124.33 936.989,124.663 938,125.5C 937.998,122.795 936.665,120.795 934,119.5C 932.211,119.377 930.378,119.377 928.5,119.5C 927.571,118.311 927.238,116.978 927.5,115.5C 932.424,116.371 937.258,117.705 942,119.5C 942.873,119.265 943.707,118.931 944.5,118.5C 950.768,121.095 953.768,125.762 953.5,132.5C 952.203,137.031 951.203,141.698 950.5,146.5 Z"/></g>
<g><path style="opacity:0.659" fill="#c1bdc7" d="M 112.5,118.5 C 113.957,123.598 114.624,128.931 114.5,134.5C 112.822,129.432 112.156,124.098 112.5,118.5 Z"/></g>
<g><path style="opacity:0.067" fill="#d8d3de" d="M 180.5,51.5 C 185.985,50.3483 191.651,50.1816 197.5,51C 198.894,51.956 199.561,53.2894 199.5,55C 194.998,85.5446 190.498,116.378 186,147.5C 183.929,155.045 178.929,158.712 171,158.5C 168.371,157.575 166.038,157.575 164,158.5C 163.25,157.874 162.416,157.374 161.5,157C 159.743,153.842 159.076,150.675 159.5,147.5C 160.921,150.294 161.921,153.294 162.5,156.5C 167.511,156.666 172.511,156.499 177.5,156C 181,155.167 183.167,153 184,149.5C 186.172,134.817 188.339,120.15 190.5,105.5C 191.407,98.4861 192.407,91.4861 193.5,84.5C 194.982,75.3338 196.315,66.0004 197.5,56.5C 197.489,54.9549 197.156,53.6216 196.5,52.5C 191.36,51.5119 186.026,51.1786 180.5,51.5 Z"/></g>
<g><path style="opacity:1" fill="#312346" d="M 308.5,49.5 C 308.5,50.1667 308.5,50.8333 308.5,51.5C 303.238,51.1953 298.072,51.5286 293,52.5C 292.5,84.8316 292.333,117.165 292.5,149.5C 306.194,153.077 320.194,154.577 334.5,154C 336.431,153.098 338.097,151.931 339.5,150.5C 341.617,148.937 343.95,147.604 346.5,146.5C 352.474,134.59 354.974,121.923 354,108.5C 353.867,105.475 352.867,102.808 351,100.5C 350.502,97.5184 350.335,94.5184 350.5,91.5C 349.5,91.5 348.5,91.5 347.5,91.5C 347.451,88.9009 346.451,86.7342 344.5,85C 341.187,83.0318 337.854,81.0318 334.5,79C 329.599,77.6746 324.599,77.1746 319.5,77.5C 315.958,77.8128 312.625,77.4794 309.5,76.5C 323.936,73.9989 336.936,76.9989 348.5,85.5C 350.853,90.2054 353.186,94.8721 355.5,99.5C 355.667,110.505 355.5,121.505 355,132.5C 353.297,138.237 350.797,143.571 347.5,148.5C 342.602,151.781 337.268,154.281 331.5,156C 317.409,157.682 303.743,156.182 290.5,151.5C 290.333,117.832 290.5,84.165 291,50.5C 296.741,49.5251 302.575,49.1918 308.5,49.5 Z M 332.5,95.5 C 333.594,97.3594 334.427,99.3594 335,101.5C 335.667,111.5 335.667,121.5 335,131.5C 333.474,135.693 330.641,138.526 326.5,140C 321.139,140.609 315.805,140.442 310.5,139.5C 310.5,124.167 310.5,108.833 310.5,93.5C 318.15,91.677 325.484,92.3436 332.5,95.5 Z"/></g>
<g><path style="opacity:1" fill="#2d1d46" d="M 335.5,98.5 C 337.335,99.1223 338.502,100.456 339,102.5C 339.667,111.833 339.667,121.167 339,130.5C 337.385,134.28 335.552,137.946 333.5,141.5C 329.215,143.069 324.715,143.736 320,143.5C 316.098,143.488 312.598,142.821 309.5,141.5C 330.981,145.52 340.314,136.686 337.5,115C 337.725,109.328 337.058,103.828 335.5,98.5 Z"/></g>
<g><path style="opacity:0.627" fill="#807593" d="M 311.5,91.5 C 309.538,107.594 308.871,123.927 309.5,140.5C 308.504,124.342 308.17,108.009 308.5,91.5C 309.5,91.5 310.5,91.5 311.5,91.5 Z"/></g>
<g><path style="opacity:0.007" fill="#f3edf7" d="M 311.5,91.5 C 316.844,91.334 322.177,91.5006 327.5,92C 329.881,92.2233 331.547,93.39 332.5,95.5C 333.778,95.7822 334.778,96.4489 335.5,97.5C 335.5,97.8333 335.5,98.1667 335.5,98.5C 337.058,103.828 337.725,109.328 337.5,115C 340.314,136.686 330.981,145.52 309.5,141.5C 309.5,141.167 309.5,140.833 309.5,140.5C 308.871,123.927 309.538,107.594 311.5,91.5 Z M 332.5,95.5 C 325.484,92.3436 318.15,91.677 310.5,93.5C 310.5,108.833 310.5,124.167 310.5,139.5C 315.805,140.442 321.139,140.609 326.5,140C 330.641,138.526 333.474,135.693 335,131.5C 335.667,121.5 335.667,111.5 335,101.5C 334.427,99.3594 333.594,97.3594 332.5,95.5 Z"/></g>
<g><path style="opacity:1" fill="#2a154d" d="M 319.5,77.5 C 324.599,77.1746 329.599,77.6746 334.5,79C 337.854,81.0318 341.187,83.0318 344.5,85C 346.451,86.7342 347.451,88.9009 347.5,91.5C 348.5,91.5 349.5,91.5 350.5,91.5C 350.335,94.5184 350.502,97.5184 351,100.5C 352.867,102.808 353.867,105.475 354,108.5C 354.974,121.923 352.474,134.59 346.5,146.5C 343.95,147.604 341.617,148.937 339.5,150.5C 338.833,150.5 338.167,150.5 337.5,150.5C 335.824,149.817 335.157,148.483 335.5,146.5C 338.022,146.872 340.022,146.039 341.5,144C 339.167,143.333 336.833,143.333 334.5,144C 332.631,146.314 330.631,146.647 328.5,145C 330.973,144.78 332.64,143.614 333.5,141.5C 335.552,137.946 337.385,134.28 339,130.5C 339.667,121.167 339.667,111.833 339,102.5C 338.502,100.456 337.335,99.1223 335.5,98.5C 335.5,98.1667 335.5,97.8333 335.5,97.5C 336.272,95.4705 335.606,93.6371 333.5,92C 329.567,90.3045 325.567,88.9711 321.5,88C 322.5,87.6667 323.5,87.3333 324.5,87C 322.594,83.8822 320.927,80.7155 319.5,77.5 Z"/></g>
<g><path style="opacity:0.747" fill="#b55aaa" d="M 841.5,50.5 C 841.5,50.8333 841.5,51.1667 841.5,51.5C 841.5,59.8333 841.5,68.1667 841.5,76.5C 840.833,76.5 840.5,76.1667 840.5,75.5C 840.831,67.4723 840.498,59.4723 839.5,51.5C 834.303,50.1862 829.136,50.1862 824,51.5C 823.333,84.8333 823.333,118.167 824,151.5C 824.671,152.252 825.504,152.586 826.5,152.5C 827.167,152.5 827.5,152.833 827.5,153.5C 826.833,153.5 826.167,153.5 825.5,153.5C 823.973,153.573 822.973,152.906 822.5,151.5C 822.333,117.832 822.5,84.165 823,50.5C 829.136,49.2253 835.302,49.2253 841.5,50.5 Z"/></g>
<g><path style="opacity:0.006" fill="#d8cee1" d="M 420.5,92.5 C 420.833,92.5 421.167,92.5 421.5,92.5C 412.676,93.3297 403.676,93.8297 394.5,94C 391.894,95.9384 390.061,98.4384 389,101.5C 386.465,113.502 387.298,125.502 391.5,137.5C 388.721,134.93 387.221,131.596 387,127.5C 386.333,119.167 386.333,110.833 387,102.5C 388.35,97.8151 391.183,94.3151 395.5,92C 403.84,91.6113 412.173,91.778 420.5,92.5 Z"/></g>
<g><path style="opacity:0.01" fill="#d9d4e0" d="M 208.5,100.5 C 208.334,109.839 208.5,119.173 209,128.5C 209.794,132.55 210.794,136.55 212,140.5C 212.708,141.381 213.542,142.047 214.5,142.5C 216.5,146.5 219.5,149.5 223.5,151.5C 226.397,153.778 229.73,155.278 233.5,156C 245.605,157.036 257.605,156.369 269.5,154C 271.407,149.482 272.074,144.648 271.5,139.5C 272.289,139.783 272.956,140.283 273.5,141C 272.239,144.288 272.239,147.621 273.5,151C 273.019,154.48 271.019,156.147 267.5,156C 220.476,165.895 200.81,147.395 208.5,100.5 Z"/></g>
<g><path style="opacity:1" fill="#cf4196" d="M 740.5,101.5 C 738.932,116.749 740.932,131.416 746.5,145.5C 745.833,145.167 745.167,144.833 744.5,144.5C 743.204,140.261 741.538,136.261 739.5,132.5C 739.172,121.986 739.506,111.653 740.5,101.5 Z"/></g>
<g><path style="opacity:1" fill="#bc3b98" d="M 149.5,132.5 C 149.5,133.833 149.5,135.167 149.5,136.5C 147.281,134.394 144.615,133.394 141.5,133.5C 140.063,132.275 138.396,131.275 136.5,130.5C 135.034,134.064 133.868,137.73 133,141.5C 132.623,142.942 131.79,143.942 130.5,144.5C 132.447,139.325 133.78,133.992 134.5,128.5C 135.15,128.196 135.817,127.863 136.5,127.5C 137.874,128.711 139.374,129.711 141,130.5C 142.86,128.799 145.027,127.799 147.5,127.5C 147.402,129.553 148.069,131.22 149.5,132.5 Z"/></g>
<g><path style="opacity:1" fill="#2d233e" d="M 154.5,73.5 C 152.533,73.2606 150.699,73.5939 149,74.5C 148.333,85.1667 148.333,95.8333 149,106.5C 149.64,112.078 151.64,117.078 155,121.5C 155.104,127.145 156.437,132.478 159,137.5C 159.974,135.122 160.641,135.456 161,138.5C 161.72,140.112 161.554,141.612 160.5,143C 162.635,143.759 163.968,145.259 164.5,147.5C 163.652,149.409 163.318,151.409 163.5,153.5C 168.463,154.496 173.463,154.663 178.5,154C 180.815,151.563 182.482,148.73 183.5,145.5C 185.041,133.205 186.541,120.871 188,108.5C 188.377,107.058 189.21,106.058 190.5,105.5C 188.339,120.15 186.172,134.817 184,149.5C 183.167,153 181,155.167 177.5,156C 172.511,156.499 167.511,156.666 162.5,156.5C 161.921,153.294 160.921,150.294 159.5,147.5C 159.598,145.447 158.931,143.78 157.5,142.5C 157.5,142.167 157.5,141.833 157.5,141.5C 154.498,131.489 151.498,121.489 148.5,111.5C 147.537,98.5494 147.204,85.5494 147.5,72.5C 150.059,72.1984 152.393,72.5318 154.5,73.5 Z"/></g>
<g><path style="opacity:0.224" fill="#f7c0f9" d="M 868.5,127.5 C 868.662,129.527 868.495,131.527 868,133.5C 867.617,134.056 867.117,134.389 866.5,134.5C 866.927,131.99 867.593,129.657 868.5,127.5 Z"/></g>
<g><path style="opacity:0.014" fill="#d5d0da" d="M 117.5,131.5 C 117.585,134.649 116.585,137.316 114.5,139.5C 114.5,137.833 114.5,136.167 114.5,134.5C 115.728,133.694 116.728,132.694 117.5,131.5 Z"/></g>
<g><path style="opacity:1" fill="#2d2140" d="M 127.5,72.5 C 130.167,72.5 132.833,72.5 135.5,72.5C 135.76,86.1962 135.427,99.8629 134.5,113.5C 133.262,115.214 132.595,117.214 132.5,119.5C 129.86,124.085 128.194,129.085 127.5,134.5C 126.262,136.214 125.595,138.214 125.5,140.5C 125.768,142.099 125.434,143.432 124.5,144.5C 123.833,145.167 123.167,145.833 122.5,146.5C 122.453,143.072 121.287,140.072 119,137.5C 118.808,139.577 118.308,141.577 117.5,143.5C 115.712,142.717 114.712,141.384 114.5,139.5C 116.585,137.316 117.585,134.649 117.5,131.5C 118.612,129.401 119.279,127.067 119.5,124.5C 121.589,120.499 122.922,116.165 123.5,111.5C 124.738,109.786 125.405,107.786 125.5,105.5C 126.268,104.737 126.768,103.737 127,102.5C 127.5,92.5056 127.666,82.5056 127.5,72.5 Z"/></g>
<g><path style="opacity:0.365" fill="#da9ff0" d="M 953.5,123.5 C 954.966,124.347 955.8,125.68 956,127.5C 959.196,140.134 955.029,149.134 943.5,154.5C 944.306,153.272 945.306,152.272 946.5,151.5C 947.931,149.973 949.265,148.306 950.5,146.5C 953.168,145.543 954.668,143.543 955,140.5C 955.689,134.72 955.189,129.054 953.5,123.5 Z"/></g>
<g><path style="opacity:0.392" fill="#f4c1f5" d="M 149.5,132.5 C 151.941,137.494 153.607,142.828 154.5,148.5C 152.531,144.619 150.864,140.619 149.5,136.5C 149.5,135.167 149.5,133.833 149.5,132.5 Z"/></g>
<g><path style="opacity:0.008" fill="#fdcbf4" d="M 739.5,132.5 C 741.538,136.261 743.204,140.261 744.5,144.5C 741.293,141.232 739.627,137.232 739.5,132.5 Z"/></g>
<g><path style="opacity:0.267" fill="#d892ef" d="M 931.5,128.5 C 933.722,128.178 935.556,128.845 937,130.5C 937.667,133.167 937.667,135.833 937,138.5C 936.617,139.056 936.117,139.389 935.5,139.5C 936.323,137.545 936.49,135.545 936,133.5C 934.366,131.938 932.866,130.271 931.5,128.5 Z"/></g>
<g><path style="opacity:0.204" fill="#fcc9f4" d="M 759.5,131.5 C 760.847,134.366 762.847,136.866 765.5,139C 771.407,140.361 777.407,140.861 783.5,140.5C 778.36,141.488 773.026,141.821 767.5,141.5C 762.944,139.617 760.277,136.284 759.5,131.5 Z"/></g>
<g><path style="opacity:0.008" fill="#d2d0da" d="M 127.5,134.5 C 127.741,136.898 127.074,138.898 125.5,140.5C 125.595,138.214 126.262,136.214 127.5,134.5 Z"/></g>
<g><path style="opacity:1" fill="#ed24a4" d="M 748.5,87.5 C 750.465,91.4799 752.465,95.4799 754.5,99.5C 754,100.5 753.5,101.5 753,102.5C 752.526,112.196 752.193,121.862 752,131.5C 752.196,129.714 753.029,128.381 754.5,127.5C 755.768,129.304 756.435,131.304 756.5,133.5C 755.325,133.281 754.325,133.614 753.5,134.5C 754.953,136.467 755.953,138.633 756.5,141C 753.452,142.162 750.785,143.662 748.5,145.5C 747.833,145.5 747.167,145.5 746.5,145.5C 740.932,131.416 738.932,116.749 740.5,101.5C 742.615,96.6135 745.282,91.9469 748.5,87.5 Z"/></g>
<g><path style="opacity:0.024" fill="#ffd8f6" d="M 693.5,136.5 C 694.473,136.987 695.473,137.487 696.5,138C 707.167,138.333 717.833,138.667 728.5,139C 729.756,139.417 730.423,140.25 730.5,141.5C 719.576,140.689 708.576,140.189 697.5,140C 695.456,139.502 694.122,138.335 693.5,136.5 Z"/></g>
<g><path style="opacity:0.01" fill="#f1ebf4" d="M 231.5,136.5 C 233.593,137.045 235.593,137.878 237.5,139C 244.826,139.5 252.159,139.666 259.5,139.5C 259.5,139.833 259.5,140.167 259.5,140.5C 251.826,140.666 244.159,140.5 236.5,140C 234.119,139.777 232.453,138.61 231.5,136.5 Z"/></g>
<g><path style="opacity:0.816" fill="#a69faf" d="M 271.5,139.5 C 267.534,140.162 263.534,140.495 259.5,140.5C 259.5,140.167 259.5,139.833 259.5,139.5C 263.658,138.461 267.658,138.461 271.5,139.5 Z"/></g>
<g><path style="opacity:0.051" fill="#fad2fa" d="M 866.5,134.5 C 865.722,138.899 863.056,140.899 858.5,140.5C 861.886,139.472 864.552,137.472 866.5,134.5 Z"/></g>
<g><path style="opacity:0.386" fill="#d3c9dc" d="M 391.5,137.5 C 395.059,138.817 398.725,139.817 402.5,140.5C 408.032,139.855 413.532,139.188 419,138.5C 421.048,139.098 422.215,140.431 422.5,142.5C 422.258,146.08 422.091,149.747 422,153.5C 420.486,155.766 418.319,156.932 415.5,157C 410.643,157.307 405.81,157.807 401,158.5C 396.228,158.104 391.728,157.104 387.5,155.5C 397.515,156.894 407.515,156.728 417.5,155C 418.416,154.626 419.25,154.126 420,153.5C 420.499,149.179 420.666,144.846 420.5,140.5C 414.825,140.634 409.158,140.967 403.5,141.5C 399.64,141.634 395.973,140.967 392.5,139.5C 392.167,138.833 391.833,138.167 391.5,137.5 Z"/></g>
<g><path style="opacity:0.073" fill="#fad0fc" d="M 901.5,140.5 C 912.689,140.497 924.022,140.164 935.5,139.5C 934.713,141.104 933.38,141.771 931.5,141.5C 924.833,141.5 918.167,141.5 911.5,141.5C 908.375,140.521 905.042,140.187 901.5,140.5 Z"/></g>
<g><path style="opacity:0.529" fill="#f6b4e1" d="M 134.5,128.5 C 133.78,133.992 132.447,139.325 130.5,144.5C 130.5,144.833 130.5,145.167 130.5,145.5C 129.935,147.42 128.935,149.087 127.5,150.5C 129.059,142.826 131.393,135.492 134.5,128.5 Z"/></g>
<g><path style="opacity:0.082" fill="#f5c1f9" d="M 886.5,135.5 C 886.448,138.346 885.448,140.68 883.5,142.5C 884.038,140.883 884.371,139.216 884.5,137.5C 885.167,136.833 885.833,136.167 886.5,135.5 Z"/></g>
<g><path style="opacity:1" fill="#2b1e40" d="M 196.5,52.5 C 197.156,53.6216 197.489,54.9549 197.5,56.5C 196.315,66.0004 194.982,75.3338 193.5,84.5C 193.33,82.1516 192.997,79.8183 192.5,77.5C 194.212,70.5702 195.045,63.5702 195,56.5C 192.867,54.1465 190.2,53.1465 187,53.5C 183.729,52.8994 181.562,54.0661 180.5,57C 179.102,64.5112 178.769,72.0112 179.5,79.5C 175.777,86.9338 174.777,94.7671 176.5,103C 173.987,112.307 171.987,121.807 170.5,131.5C 170.667,132.833 170.833,134.167 171,135.5C 171.333,133.5 171.667,131.5 172,129.5C 172.333,130.833 172.667,132.167 173,133.5C 173.333,133.167 173.667,132.833 174,132.5C 174.551,134.353 173.885,135.687 172,136.5C 170.055,142.805 172.221,146.305 178.5,147C 177.289,147.893 177.289,148.726 178.5,149.5C 180.111,148.68 180.778,147.346 180.5,145.5C 181.5,145.5 182.5,145.5 183.5,145.5C 182.482,148.73 180.815,151.563 178.5,154C 173.463,154.663 168.463,154.496 163.5,153.5C 163.318,151.409 163.652,149.409 164.5,147.5C 163.968,145.259 162.635,143.759 160.5,143C 161.554,141.612 161.72,140.112 161,138.5C 160.641,135.456 159.974,135.122 159,137.5C 156.437,132.478 155.104,127.145 155,121.5C 151.64,117.078 149.64,112.078 149,106.5C 148.333,95.8333 148.333,85.1667 149,74.5C 150.699,73.5939 152.533,73.2606 154.5,73.5C 154.173,83.015 154.506,92.3483 155.5,101.5C 156.082,105.532 157.416,109.199 159.5,112.5C 159.595,114.786 160.262,116.786 161.5,118.5C 161.654,123.289 162.987,127.622 165.5,131.5C 165.5,131.833 165.5,132.167 165.5,132.5C 165.755,135.016 166.589,137.35 168,139.5C 169.309,134.934 169.809,130.267 169.5,125.5C 169.5,125.167 169.5,124.833 169.5,124.5C 171.97,110.732 173.637,96.7318 174.5,82.5C 176.474,73.3926 177.807,64.0593 178.5,54.5C 184.208,52.6136 190.208,51.9469 196.5,52.5 Z"/></g>
<g><path style="opacity:0.749" fill="#bcb6c4" d="M 169.5,125.5 C 169.809,130.267 169.309,134.934 168,139.5C 166.589,137.35 165.755,135.016 165.5,132.5C 166.222,132.918 166.722,133.584 167,134.5C 167.973,131.421 168.806,128.421 169.5,125.5 Z"/></g>
<g><path style="opacity:0.698" fill="#b4b0bd" d="M 161.5,118.5 C 163.279,122.595 164.612,126.928 165.5,131.5C 162.987,127.622 161.654,123.289 161.5,118.5 Z"/></g>
<g><path style="opacity:0.008" fill="#f3eef3" d="M 159.5,112.5 C 161.074,114.102 161.741,116.102 161.5,118.5C 160.262,116.786 159.595,114.786 159.5,112.5 Z"/></g>
<g><path style="opacity:0.027" fill="#ebe7f0" d="M 174.5,82.5 C 173.637,96.7318 171.97,110.732 169.5,124.5C 170.449,110.278 172.116,96.2785 174.5,82.5 Z"/></g>
<g><path style="opacity:1" fill="#2a134f" d="M 464.5,91.5 C 466.948,90.5269 469.615,90.1936 472.5,90.5C 478.222,91.877 481.722,95.5437 483,101.5C 484.976,112.847 484.976,124.18 483,135.5C 480.383,137.414 477.883,139.414 475.5,141.5C 471.826,142.233 468.159,142.899 464.5,143.5C 461.8,142.333 459.133,142.5 456.5,144C 457.056,144.383 457.389,144.883 457.5,145.5C 454.795,146.777 452.128,146.61 449.5,145C 448.68,142.086 447.68,141.919 446.5,144.5C 448.435,145.213 448.768,146.213 447.5,147.5C 444.944,146.457 442.777,144.79 441,142.5C 439.022,138.223 437.355,133.89 436,129.5C 435.003,117.728 435.503,106.061 437.5,94.5C 438.167,94.1667 438.833,93.8333 439.5,93.5C 439.836,97.1669 439.003,100.5 437,103.5C 436.333,111.5 436.333,119.5 437,127.5C 437.805,131.874 439.472,135.874 442,139.5C 443,137.833 444.333,136.5 446,135.5C 449.922,136.184 451.422,138.518 450.5,142.5C 456.65,141.505 457.15,139.171 452,135.5C 450.334,123.857 450.168,112.191 451.5,100.5C 452.667,98.9208 454,97.5875 455.5,96.5C 454.955,98.5932 454.122,100.593 453,102.5C 452.333,110.833 452.333,119.167 453,127.5C 453.037,129.974 453.87,131.974 455.5,133.5C 456.591,136.428 458.591,138.594 461.5,140C 472.283,142.872 479.117,139.039 482,128.5C 482.667,119.833 482.667,111.167 482,102.5C 478.819,94.6575 472.986,90.9908 464.5,91.5 Z M 455.5,133.5 C 457.296,134.793 458.963,136.293 460.5,138C 468.283,141.268 474.45,139.435 479,132.5C 481.324,124.651 481.991,116.651 481,108.5C 480.848,102.022 478.015,97.1883 472.5,94C 465.676,92.0547 460.176,93.888 456,99.5C 452.837,110.784 452.67,122.118 455.5,133.5 Z"/></g>
<g><path style="opacity:1" fill="#e626ab" d="M 141.5,133.5 C 140.503,133.47 139.836,133.97 139.5,135C 140.394,136.396 141.061,137.896 141.5,139.5C 140.598,144.791 140.265,150.124 140.5,155.5C 138.5,155.5 136.5,155.5 134.5,155.5C 132.286,155.709 130.619,154.876 129.5,153C 130.322,150.566 130.656,148.066 130.5,145.5C 130.5,145.167 130.5,144.833 130.5,144.5C 131.79,143.942 132.623,142.942 133,141.5C 133.868,137.73 135.034,134.064 136.5,130.5C 138.396,131.275 140.063,132.275 141.5,133.5 Z"/></g>
<g><path style="opacity:1" fill="#ca2cd8" d="M 149.5,138.5 C 149.608,144.266 150.941,149.6 153.5,154.5C 150.873,155.092 148.206,155.425 145.5,155.5C 145.992,151.543 145.325,147.877 143.5,144.5C 144.922,142.035 145.922,139.369 146.5,136.5C 147.518,137.193 148.518,137.859 149.5,138.5 Z"/></g>
<g><path style="opacity:0.047" fill="#e0d8e8" d="M 355.5,99.5 C 357.986,110.648 358.152,121.982 356,133.5C 354.69,139.464 351.856,144.464 347.5,148.5C 350.797,143.571 353.297,138.237 355,132.5C 355.5,121.505 355.667,110.505 355.5,99.5 Z"/></g>
<g><path style="opacity:0.067" fill="#f5b6f8" d="M 883.5,142.5 C 883.573,144.027 882.906,145.027 881.5,145.5C 881.427,143.973 882.094,142.973 883.5,142.5 Z"/></g>
<g><path style="opacity:0.878" fill="#ac4ec0" d="M 901.5,140.5 C 905.042,140.187 908.375,140.521 911.5,141.5C 908.552,141.223 905.719,141.556 903,142.5C 902.333,145.5 902.333,148.5 903,151.5C 904.409,152.781 905.909,153.781 907.5,154.5C 906.167,154.5 904.833,154.5 903.5,154.5C 901.629,150.134 900.962,145.467 901.5,140.5 Z"/></g>
<g><path style="opacity:1" fill="#bb31e5" d="M 923.5,105.5 C 927.962,107.231 932.295,109.231 936.5,111.5C 939.589,112.739 942.589,114.239 945.5,116C 948.036,118.705 950.703,121.205 953.5,123.5C 955.189,129.054 955.689,134.72 955,140.5C 954.668,143.543 953.168,145.543 950.5,146.5C 951.203,141.698 952.203,137.031 953.5,132.5C 953.768,125.762 950.768,121.095 944.5,118.5C 943.707,118.931 942.873,119.265 942,119.5C 937.258,117.705 932.424,116.371 927.5,115.5C 927.238,116.978 927.571,118.311 928.5,119.5C 930.378,119.377 932.211,119.377 934,119.5C 936.665,120.795 937.998,122.795 938,125.5C 936.989,124.663 935.822,124.33 934.5,124.5C 934.5,125.5 934.5,126.5 934.5,127.5C 937.216,127.678 939.883,128.178 942.5,129C 941.062,129.219 939.729,129.719 938.5,130.5C 940.589,136.137 939.256,140.637 934.5,144C 929.5,144.333 924.5,144.667 919.5,145C 924.833,145.333 930.167,145.667 935.5,146C 932.879,146.939 930.212,147.772 927.5,148.5C 928.824,149.935 930.49,150.935 932.5,151.5C 932.167,151.833 931.833,152.167 931.5,152.5C 928.891,153.23 926.224,153.73 923.5,154C 926.833,154.667 930.167,154.667 933.5,154C 937.74,152.761 942.074,151.927 946.5,151.5C 945.306,152.272 944.306,153.272 943.5,154.5C 934.854,155.253 926.188,155.587 917.5,155.5C 914.167,155.167 910.833,154.833 907.5,154.5C 905.909,153.781 904.409,152.781 903,151.5C 902.333,148.5 902.333,145.5 903,142.5C 905.719,141.556 908.552,141.223 911.5,141.5C 915.223,142.997 919.223,143.663 923.5,143.5C 926.59,143.478 929.257,142.812 931.5,141.5C 933.38,141.771 934.713,141.104 935.5,139.5C 936.117,139.389 936.617,139.056 937,138.5C 937.667,135.833 937.667,133.167 937,130.5C 935.556,128.845 933.722,128.178 931.5,128.5C 930.516,126.52 929.183,124.853 927.5,123.5C 927.389,122.883 927.056,122.383 926.5,122C 927.833,121.667 929.167,121.333 930.5,121C 928.744,120.798 927.078,120.298 925.5,119.5C 924.359,118.575 924.359,117.741 925.5,117C 924.117,114.877 922.45,113.877 920.5,114C 921.354,112.119 921.021,110.286 919.5,108.5C 920.274,107.289 921.107,107.289 922,108.5C 922.232,107.263 922.732,106.263 923.5,105.5 Z"/></g>
<g><path style="opacity:1" fill="#ab48c8" d="M 911.5,141.5 C 918.167,141.5 924.833,141.5 931.5,141.5C 929.257,142.812 926.59,143.478 923.5,143.5C 919.223,143.663 915.223,142.997 911.5,141.5 Z"/></g>
<g><path style="opacity:0.008" fill="#e5dbe9" d="M 157.5,142.5 C 158.931,143.78 159.598,145.447 159.5,147.5C 157.787,146.365 157.12,144.698 157.5,142.5 Z"/></g>
<g><path style="opacity:1" fill="#2b1b46" d="M 223.5,151.5 C 219.5,149.5 216.5,146.5 214.5,142.5C 214.09,138.862 214.756,135.195 216.5,131.5C 218.67,129.914 221.004,128.58 223.5,127.5C 224.167,127.833 224.833,128.167 225.5,128.5C 227.107,133.935 229.774,138.768 233.5,143C 245.667,143.477 258,143.311 270.5,142.5C 270.5,145.5 270.5,148.5 270.5,151.5C 257.411,154.605 244.078,155.272 230.5,153.5C 228.49,151.829 226.157,151.162 223.5,151.5 Z"/></g>
<g><path style="opacity:0.282" fill="#d6cde0" d="M 369.5,136.5 C 370.167,136.833 370.833,137.167 371.5,137.5C 374.349,145.684 379.682,151.684 387.5,155.5C 381.495,154.016 376.662,150.682 373,145.5C 371.259,142.691 370.092,139.691 369.5,136.5 Z"/></g>
<g><path style="opacity:0.094" fill="#dcd1e6" d="M 500.5,100.5 C 503.483,113.507 502.983,126.507 499,139.5C 492.393,152.062 481.893,158.396 467.5,158.5C 464.029,157.903 460.695,157.236 457.5,156.5C 463.176,156.666 468.843,156.499 474.5,156C 476.382,155.802 478.048,155.302 479.5,154.5C 485.959,152.693 490.959,149.026 494.5,143.5C 497.687,139.142 499.521,134.142 500,128.5C 500.5,119.173 500.666,109.839 500.5,100.5 Z"/></g>
<g><path style="opacity:1" fill="#f42398" d="M 703.5,141.5 C 711.833,141.5 720.167,141.5 728.5,141.5C 728.129,145.744 727.129,149.411 725.5,152.5C 721.313,154.065 716.98,154.732 712.5,154.5C 712.586,153.504 712.252,152.671 711.5,152C 712.833,151.667 714.167,151.333 715.5,151C 711.886,150.064 708.22,149.564 704.5,149.5C 704.5,148.5 704.5,147.5 704.5,146.5C 709.438,146.205 714.104,145.038 718.5,143C 713.316,142.826 708.316,142.326 703.5,141.5 Z"/></g>
<g><path style="opacity:0.933" fill="#ce57a4" d="M 746.5,145.5 C 747.167,145.5 747.833,145.5 748.5,145.5C 749.625,147.129 750.959,148.629 752.5,150C 755.86,152.064 759.526,153.231 763.5,153.5C 769.75,155.459 776.416,156.126 783.5,155.5C 777.021,156.491 770.354,156.824 763.5,156.5C 758.768,156.373 754.768,154.707 751.5,151.5C 749.833,149.5 748.167,147.5 746.5,145.5 Z"/></g>
<g><path style="opacity:0.031" fill="#ffd1f1" d="M 674.5,145.5 C 675.906,145.973 676.573,146.973 676.5,148.5C 675.094,148.027 674.427,147.027 674.5,145.5 Z"/></g>
<g><path style="opacity:0.047" fill="#fcc4ee" d="M 744.5,144.5 C 745.167,144.833 745.833,145.167 746.5,145.5C 748.167,147.5 749.833,149.5 751.5,151.5C 748.167,150.167 745.833,147.833 744.5,144.5 Z"/></g>
<g><path style="opacity:0.012" fill="#f8ccfb" d="M 881.5,145.5 C 881.573,147.027 880.906,148.027 879.5,148.5C 879.427,146.973 880.094,145.973 881.5,145.5 Z"/></g>
<g><path style="opacity:0.506" fill="#b3acb8" d="M 124.5,144.5 C 124.405,146.786 123.738,148.786 122.5,150.5C 122.5,149.167 122.5,147.833 122.5,146.5C 123.167,145.833 123.833,145.167 124.5,144.5 Z"/></g>
<g><path style="opacity:1" fill="#d628c4" d="M 141.5,133.5 C 144.615,133.394 147.281,134.394 149.5,136.5C 149.5,137.167 149.5,137.833 149.5,138.5C 148.518,137.859 147.518,137.193 146.5,136.5C 145.922,139.369 144.922,142.035 143.5,144.5C 145.325,147.877 145.992,151.543 145.5,155.5C 143.833,155.5 142.167,155.5 140.5,155.5C 140.265,150.124 140.598,144.791 141.5,139.5C 141.061,137.896 140.394,136.396 139.5,135C 139.836,133.97 140.503,133.47 141.5,133.5 Z"/></g>
<g><path style="opacity:1" fill="#2a164a" d="M 308.5,51.5 C 308.5,59.5 308.5,67.5 308.5,75.5C 307.671,68.3448 307.171,61.0115 307,53.5C 303.527,53.0886 300.027,52.7553 296.5,52.5C 295.353,52.8178 294.519,53.4844 294,54.5C 293.333,85.5 293.333,116.5 294,147.5C 297.564,149.1 298.731,148.1 297.5,144.5C 299.118,142.164 300.952,142.164 303,144.5C 303.333,142.167 303.667,139.833 304,137.5C 305.651,139.754 305.818,142.088 304.5,144.5C 314.662,145.037 324.662,146.037 334.5,147.5C 334.5,148.5 334.5,149.5 334.5,150.5C 330.69,151.538 331.69,151.538 337.5,150.5C 338.167,150.5 338.833,150.5 339.5,150.5C 338.097,151.931 336.431,153.098 334.5,154C 320.194,154.577 306.194,153.077 292.5,149.5C 292.333,117.165 292.5,84.8316 293,52.5C 298.072,51.5286 303.238,51.1953 308.5,51.5 Z"/></g>
<g><path style="opacity:1" fill="#dd2cad" d="M 763.5,78.5 C 769.979,77.5093 776.646,77.176 783.5,77.5C 788.923,77.5185 794.256,78.1851 799.5,79.5C 800.531,80.2485 801.698,80.9152 803,81.5C 803.5,104.498 803.667,127.498 803.5,150.5C 803.389,151.117 803.056,151.617 802.5,152C 798.667,153.034 795.001,154.2 791.5,155.5C 788.833,155.5 786.167,155.5 783.5,155.5C 776.416,156.126 769.75,155.459 763.5,153.5C 761.142,152.02 758.809,150.353 756.5,148.5C 758.423,147.692 760.423,147.192 762.5,147C 764.766,145.574 766.432,143.74 767.5,141.5C 773.026,141.821 778.36,141.488 783.5,140.5C 784.496,140.586 785.329,140.252 786,139.5C 786.828,123.328 786.661,107.328 785.5,91.5C 784.082,89.6921 782.082,89.0254 779.5,89.5C 776.313,88.2692 772.98,87.1026 769.5,86C 771.931,85.7051 773.764,84.5384 775,82.5C 775.414,82.9574 775.914,83.2907 776.5,83.5C 777.622,81.9564 777.289,80.623 775.5,79.5C 771.555,78.5091 767.555,78.1758 763.5,78.5 Z"/></g>
<g><path style="opacity:1" fill="#e226b6" d="M 800.5,83.5 C 799.127,83.3433 797.793,83.51 796.5,84C 797.167,84.3333 797.833,84.6667 798.5,85C 797.817,99.2908 797.151,113.624 796.5,128C 797.497,129.596 798.663,131.096 800,132.5C 800.49,133.793 800.657,135.127 800.5,136.5C 797.134,135.569 794.634,133.569 793,130.5C 792.622,117.101 792.456,103.768 792.5,90.5C 791.646,91.9479 790.646,93.2813 789.5,94.5C 789.808,95.3081 790.308,95.9747 791,96.5C 791.5,106.828 791.666,117.161 791.5,127.5C 790.5,127.5 789.5,127.5 788.5,127.5C 788.667,115.495 788.5,103.495 788,91.5C 787.691,90.2341 787.191,89.0674 786.5,88C 784.048,87.7105 781.715,87.0438 779.5,86C 781.256,85.7978 782.922,85.2978 784.5,84.5C 783.975,83.8076 783.308,83.3076 782.5,83C 787.624,80.5078 792.958,80.0078 798.5,81.5C 799.243,82.1818 799.909,82.8485 800.5,83.5 Z"/></g>
<g><path style="opacity:1" fill="#e027b7" d="M 800.5,83.5 C 802.489,105.475 803.156,127.808 802.5,150.5C 799.482,150.665 796.482,150.498 793.5,150C 792.252,148.041 790.585,146.541 788.5,145.5C 787.349,139.987 788.682,139.321 792.5,143.5C 794.282,139.424 793.449,136.09 790,133.5C 789.667,133.833 789.333,134.167 789,134.5C 788.503,132.19 788.337,129.857 788.5,127.5C 789.5,127.5 790.5,127.5 791.5,127.5C 791.666,117.161 791.5,106.828 791,96.5C 790.308,95.9747 789.808,95.3081 789.5,94.5C 790.646,93.2813 791.646,91.9479 792.5,90.5C 792.456,103.768 792.622,117.101 793,130.5C 794.634,133.569 797.134,135.569 800.5,136.5C 800.657,135.127 800.49,133.793 800,132.5C 798.663,131.096 797.497,129.596 796.5,128C 797.151,113.624 797.817,99.2908 798.5,85C 797.833,84.6667 797.167,84.3333 796.5,84C 797.793,83.51 799.127,83.3433 800.5,83.5 Z"/></g>
<g><path style="opacity:1" fill="#b140c1" d="M 149.5,136.5 C 150.864,140.619 152.531,144.619 154.5,148.5C 154.833,151.167 155.167,153.833 155.5,156.5C 148.5,156.5 141.5,156.5 134.5,156.5C 134.5,156.167 134.5,155.833 134.5,155.5C 136.5,155.5 138.5,155.5 140.5,155.5C 142.167,155.5 143.833,155.5 145.5,155.5C 148.206,155.425 150.873,155.092 153.5,154.5C 150.941,149.6 149.608,144.266 149.5,138.5C 149.5,137.833 149.5,137.167 149.5,136.5 Z"/></g>
<g><path style="opacity:0.435" fill="#fab8dc" d="M 676.5,148.5 C 678.749,149.08 680.415,150.413 681.5,152.5C 679.251,151.92 677.585,150.587 676.5,148.5 Z"/></g>
<g><path style="opacity:1" fill="#2f1c4d" d="M 437.5,94.5 C 435.503,106.061 435.003,117.728 436,129.5C 437.355,133.89 439.022,138.223 441,142.5C 442.777,144.79 444.944,146.457 447.5,147.5C 451.577,148.677 455.244,150.844 458.5,154C 465.492,154.5 472.492,154.666 479.5,154.5C 478.048,155.302 476.382,155.802 474.5,156C 468.843,156.499 463.176,156.666 457.5,156.5C 442.917,150.902 435.25,140.235 434.5,124.5C 434.5,117.833 434.5,111.167 434.5,104.5C 434.723,100.838 435.723,97.5046 437.5,94.5 Z"/></g>
<g><path style="opacity:0.392" fill="#e1a5ed" d="M 901.5,140.5 C 900.962,145.467 901.629,150.134 903.5,154.5C 902.504,154.586 901.671,154.252 901,153.5C 900.186,148.98 900.353,144.646 901.5,140.5 Z"/></g>
<g><path style="opacity:1" fill="#ce3d8c" d="M 130.5,145.5 C 130.656,148.066 130.322,150.566 129.5,153C 130.619,154.876 132.286,155.709 134.5,155.5C 134.5,155.833 134.5,156.167 134.5,156.5C 131.833,156.5 129.167,156.5 126.5,156.5C 127.15,154.565 127.483,152.565 127.5,150.5C 128.935,149.087 129.935,147.42 130.5,145.5 Z"/></g>
<g><path style="opacity:0.118" fill="#e1d8ea" d="M 433.5,124.5 C 433.833,124.5 434.167,124.5 434.5,124.5C 435.25,140.235 442.917,150.902 457.5,156.5C 441.303,152.147 433.303,141.481 433.5,124.5 Z"/></g>
<g><path style="opacity:0.078" fill="#fcddf5" d="M 127.5,150.5 C 127.483,152.565 127.15,154.565 126.5,156.5C 125.516,154.402 125.849,152.402 127.5,150.5 Z"/></g>
<g><path style="opacity:1" fill="#2c2139" d="M 87.5,74.5 C 89.12,75.8409 90.12,77.6742 90.5,80C 90.0426,80.414 89.7093,80.914 89.5,81.5C 91.2592,90.6315 93.2592,99.6315 95.5,108.5C 95.849,114.84 96.349,121.173 97,127.5C 97.3333,127.167 97.6667,126.833 98,126.5C 98.8476,129.56 99.8476,132.56 101,135.5C 100.978,139.644 101.145,143.644 101.5,147.5C 103.5,147.5 105.5,147.5 107.5,147.5C 107.357,149.262 107.691,150.929 108.5,152.5C 110.959,153.326 113.459,153.993 116,154.5C 118.393,152.074 120.059,149.074 121,145.5C 121.383,146.056 121.883,146.389 122.5,146.5C 122.5,147.833 122.5,149.167 122.5,150.5C 121.262,152.214 120.595,154.214 120.5,156.5C 115.156,156.666 109.823,156.499 104.5,156C 101.619,154.749 99.786,152.583 99,149.5C 94.9669,124.506 91.1335,99.5065 87.5,74.5 Z"/></g>
<g><path style="opacity:0.133" fill="#ffc8ed" d="M 681.5,152.5 C 683.027,152.427 684.027,153.094 684.5,154.5C 682.973,154.573 681.973,153.906 681.5,152.5 Z"/></g>
<g><path style="opacity:0.255" fill="#f2b5ed" d="M 825.5,153.5 C 826.167,153.5 826.833,153.5 827.5,153.5C 830.152,153.41 832.485,154.076 834.5,155.5C 831.273,155.324 828.273,154.657 825.5,153.5 Z"/></g>
<g><path style="opacity:0.831" fill="#bd5abe" d="M 879.5,148.5 C 877.853,150.326 875.853,151.66 873.5,152.5C 871.033,152.755 869.033,153.755 867.5,155.5C 866.292,156.234 864.959,156.567 863.5,156.5C 856.646,156.824 849.979,156.491 843.5,155.5C 851.019,155.825 858.352,155.492 865.5,154.5C 869.613,151.45 874.28,149.45 879.5,148.5 Z"/></g>
<g><path style="opacity:0.278" fill="#e8a5e8" d="M 873.5,152.5 C 871.967,154.245 869.967,155.245 867.5,155.5C 869.033,153.755 871.033,152.755 873.5,152.5 Z"/></g>
<g><path style="opacity:0.226" fill="#ddd0ea" d="M 617.5,154.5 C 617.5,154.833 617.5,155.167 617.5,155.5C 617.389,156.117 617.056,156.617 616.5,157C 611.167,157.667 605.833,157.667 600.5,157C 599.944,156.617 599.611,156.117 599.5,155.5C 605.559,155.746 611.559,155.413 617.5,154.5 Z"/></g>
<g><path style="opacity:0.565" fill="#e2a3ea" d="M 903.5,154.5 C 904.833,154.5 906.167,154.5 907.5,154.5C 910.833,154.833 914.167,155.167 917.5,155.5C 923.645,156.49 929.978,156.823 936.5,156.5C 925.381,158.113 914.381,157.446 903.5,154.5 Z"/></g>
<g><path style="opacity:0.739" fill="#ac58c6" d="M 943.5,154.5 C 941.485,155.924 939.152,156.59 936.5,156.5C 929.978,156.823 923.645,156.49 917.5,155.5C 926.188,155.587 934.854,155.253 943.5,154.5 Z"/></g>
<g><path style="opacity:0.155" fill="#f8c0f7" d="M 154.5,148.5 C 155.67,150.65 156.67,152.984 157.5,155.5C 157.291,156.086 156.957,156.586 156.5,157C 146.325,157.825 136.325,157.658 126.5,156.5C 129.167,156.5 131.833,156.5 134.5,156.5C 141.5,156.5 148.5,156.5 155.5,156.5C 155.167,153.833 154.833,151.167 154.5,148.5 Z"/></g>
<g><path style="opacity:0.278" fill="#fec7ed" d="M 684.5,154.5 C 686.167,154.5 687.833,154.5 689.5,154.5C 690.263,155.268 691.263,155.768 692.5,156C 705.239,156.892 717.906,156.392 730.5,154.5C 730.082,155.222 729.416,155.722 728.5,156C 719.992,156.896 711.492,157.729 703,158.5C 696.503,158.114 690.336,156.781 684.5,154.5 Z"/></g>
<g><path style="opacity:0.195" fill="#fcc2f3" d="M 783.5,155.5 C 786.167,155.5 788.833,155.5 791.5,155.5C 785.9,156.943 780.067,157.61 774,157.5C 770.317,157.499 766.817,157.165 763.5,156.5C 770.354,156.824 777.021,156.491 783.5,155.5 Z"/></g>
<g><path style="opacity:0.149" fill="#f9c2f7" d="M 835.5,155.5 C 838.167,155.5 840.833,155.5 843.5,155.5C 849.979,156.491 856.646,156.824 863.5,156.5C 860.016,157.165 856.349,157.499 852.5,157.5C 846.591,157.651 840.925,156.984 835.5,155.5 Z"/></g>
</svg>
